[ 41  57  67  66 119 170 265 331 427 599 689 714 847 874 810 699 532 407
 318 223 153 100  29   3   2]
[112 115 150 145 163 244 356 395 507 694 769 837 930 950 903 709 578 434
 316 231 157  77  27   6   9]
[  99  122  137  174  172  317  449  569  658  819 1039 1185 1123 1025
  998  861  747  502  360  234  148   73   30   19   18]
[ 123  194  247  357  489  629  940 1210 1349 1627 1711 1806 1665 1343
 1231 1047  899  672  434  252  139   61   28   13   38]
[ 213  274  478  707  966 1338 1879 2330 2296 2591 2598 2538 2330 1992
 1808 1349 1034  761  567  327  204  101   52   20   31]
[ 447  635 1098 1449 1768 2511 3422 3843 3573 3894 3714 3232 2843 2443
 2000 1477  992  846  547  335  214  115   54   45   70]
[ 740 1004 1601 2338 3108 4387 5846 5903 5688 5675 5328 4407 3517 2937
 2378 1773 1410  850  604  390  262  155  101  108  185]
[ 760 1311 2396 3568 4946 6719 8865 9062 7944 7440 6684 5230 3677 2678
 2059 1713 1247  950  631  449  303  169   94   79  114]
[   45   695  3152  5251  7322  9957 12424 11381  9311  8800  7325  5256
  3600  2677  2061  1685  1228   741   430   255   150   112    73    65
    83]
[   10   849  4449  7336  9641 13143 15481 13940 10851  9125  6969  5049
  3442  2701  2295  1833  1112   599   447   240   193   133   102    54
    73]
[    7  1124  5683  9396 12407 15551 17473 14837 10599  8949  6860  5167
  3865  3110  2675  1880  1172   659   385   228   173   185   133    78
    90]
[    2   979  5567  9061 11949 15090 16991 14626 10060  8394  7856  7456
  7114  6147  4175  2333  1166   564   346   258   242   249   116    85
   112]
[    0   461  3795  6212  8859 11303 13748 12934  9953  9942 10088  9944
  9581  7595  4932  2032   889   481   329   236   227   212   163    85
   139]
[    0   108  5214  8755 11521 14812 17672 15735 11352  9808  8566  7463
  6197  4477  2413   919   580   379   316   254   276   330   184   104
   135]
[    0     1  9002 17570 19463 20021 20038 14858  7898  5466  3527  2771
  2092  1750  1137   605   434   306   205   234   234   282   164   122
    82]
[    0     0  8563 17909 16728 15273 14253  9354  4006  2426  1609  1156
  1001   837   703   503   378   261   191   188   263   358   200   104
    47]
[    0     0  6231 12483 11148  9814  9255  5811  2469  1868  1508  1252
  1113   900   636   428   273   209   169   151   244   384   191   129
    30]
[   0    0 4745 9715 8898 8158 7838 5559 2820 2216 1861 1527 1069  792
  589  378  241  188  148  161  335  538  209  100   27]
[   0    0 3295 6911 6167 5554 5177 3539 1775 1297  882  635  426  297
  229  164   89   80   79   87  216  387  188   82   21]
[ 0  0 39 89 78 57 31  9  4  2  1  1  3  1  1  0  0  1  0  0  1  0  1  1
  1]
