[ 11  14  19  26  26  57  59  83 100 132 135 120 171 153 210 268 276 348
 360 408 346 250 117  39  11]
[ 37  50  66  55  81 129 149 158 141 182 221 225 289 269 282 301 323 368
 391 378 333 271  99  27   7]
[138 181 266 234 242 290 298 326 387 420 462 400 423 412 437 392 452 472
 456 381 295 208  87  33  12]
[202 321 373 448 453 509 549 598 606 675 599 616 604 570 595 489 438 495
 483 438 336 207 113  44   9]
[281 460 508 536 605 652 697 755 804 736 711 655 593 576 547 501 540 491
 480 428 356 230 129  40   5]
[401 568 771 848 836 893 840 841 836 825 766 758 681 589 519 495 529 519
 523 436 285 203 119  36  10]
[ 875 1044 1043 1066 1044 1016  920  949  924  954  838  724  655  591
  472  520  522  500  503  503  311  201  126   43   20]
[ 943 1100 1173 1065 1028  952  830  826  681  671  611  587  540  532
  540  529  559  551  472  457  342  225  108   52   24]
[  70  544 1179 1141 1072  916  819  694  716  629  659  645  574  588
  559  532  509  479  453  395  353  228  156   69   24]
[ 10 356 887 819 781 800 733 699 667 652 608 680 621 633 574 527 513 472
 402 327 282 197 126  71  22]
[  13  414 1014  951  942  954 1015 1007  896  916  897  822  750  768
  678  632  554  508  481  346  297  204  142   59   17]
[   0  487 1373 1531 1457 1466 1296 1216 1231 1171 1124 1086  937  864
  754  725  666  616  558  379  296  240  207  109   19]
[   0  515 2043 2213 1807 1668 1612 1524 1542 1433 1350 1253 1058 1024
  857  787  721  599  492  394  313  278  226  124   25]
[   0  122 1879 1830 1600 1395 1429 1330 1261 1095 1006  869  793  750
  641  574  503  501  388  327  258  342  292  129   27]
[   0    1 1263 1698 1409 1231 1035 1035  902  872  786  723  634  597
  503  503  471  403  364  278  255  340  311  124   24]
[   0    0  922 1533 1273 1008  965  898  869  826  752  798  730  705
  656  583  554  458  388  314  298  341  302   82   13]
[   0    0  871 1513 1293 1189 1127 1010 1045 1093 1057 1091 1048 1013
  947  875  740  641  489  408  344  456  348   97    3]
[   0    0 1081 2131 1747 1662 1495 1518 1429 1506 1441 1402 1253 1193
 1058  911  747  664  537  425  321  389  374   96    8]
[   0    0  825 1646 1473 1288 1163 1134 1080 1091 1001  848  809  728
  681  597  497  387  308  229  200  270  238   72    1]
[ 0  0 17 16 12 11 10 11  1  3  9  2  1  4  3  2  2  1  1  1  0  0  0  0
  0]
