[ 49  70  97 125 237 341 432 600 631 712 752 700 690 565 489 342 262 133
  85  75  53  22  10   5  15]
[111 167 213 237 323 529 686 739 908 912 900 880 841 762 588 418 257 199
 145  77  67  45  47  26  12]
[ 317  405  505  619  829 1192 1509 1538 1453 1579 1591 1583 1508 1211
  911  697  495  330  204  176  160  131   96   38   43]
[1047 1404 1935 2582 3222 4062 4705 4073 3259 3318 3266 2987 2669 2038
 1511 1123  726  608  420  415  401  337  232   81   65]
[ 2684  3507  4925  6565  8001  9678 10888  8982  6634  6153  5607  4592
  3654  2755  2065  1635  1231   871   667   715   681   541   424   156
   125]
[ 4692  6542  8980 11219 13614 15974 16482 12911  8433  6912  5739  4546
  3652  2798  2288  1671  1253  1073   976   956  1019   946   627   221
   271]
[ 7181  9656 12858 15495 17497 19314 19347 14010  8523  6486  4968  4064
  2953  2336  1955  1504  1283  1111  1143  1127  1190  1141   782   368
   406]
[ 6050  8472 13931 17758 20466 21474 19609 12718  7049  4960  3481  2757
  2044  1601  1343  1092   877   739   708   642   741   701   554   319
   229]
[  217  3279 13615 19496 20029 19529 16610 10546  5419  3593  2342  1632
  1116   759   621   426   263   192   139   117   127    98    86    55
    35]
[   40  3613 15599 20680 19410 17903 14709  8720  4087  2708  1668  1083
   868   598   494   377   276   190   131   129   137   129   110    92
    46]
[   44  3941 15490 19503 17985 16501 13900  8728  4040  2789  1909  1407
   951   714   533   356   237   185   138   122   137   115   158   114
    53]
[    2  2908 13772 18569 18515 18194 16864 11139  5338  3846  2566  1936
  1216   832   577   358   311   264   190   152   208   139   146   121
    66]
[    0  1388 12037 18826 20898 21365 20548 14091  6364  4105  2768  1919
  1321   834   550   382   279   218   187   220   270   220   214   155
    95]
[    0   279 14481 22791 23168 21931 19687 12734  4835  2730  1627   993
   727   533   452   332   266   213   199   190   259   235   215   165
    86]
[    0     0 11344 19722 17001 15195 13621  8083  2404  1215   753   607
   455   410   376   286   241   171   161   225   254   194   195   124
    72]
[    0     0  5425 11605 10100  9487  8521  4851  1215   668   495   442
   378   374   343   276   185   179   150   180   243   204   220   164
    62]
[   0    0 2789 6248 5653 5072 4956 2897  656  407  341  370  351  333
  308  250  183  108  107  133  236  167  217  163   40]
[   0    0 1263 2783 2658 2773 2765 1754  476  401  319  313  274  233
  214  144  108   72   65   63   80   92  137   65   29]
[   0    0  461 1070 1065 1037 1034  605  179  113   86  107  117  105
   86   65   49   33   17   29   30   24   25   15    9]
[0 0 2 4 4 0 0 1 0 0 1 0 0 0 0 0 0 0 0 0 0 0 0 0 0]
