[ 0 13 14 22 20 21 11 12 11 19 24 30 46 48 41 49 49 51 52 43 28 26  8  8
  0]
[20 27 15  6  9 19 25 32 31 30 27 30 41 34 35 42 35 30 42 40 15 17 13  6
  0]
[20 27 14  9 16 17 21 35 48 62 69 64 72 55 77 68 49 46 47 52 45 22  5  4
  1]
[ 18  22  18  31  37  48  35  55  72  90 107 112  77  71  72  63  42  21
  45  39  26  30   9   2   0]
[ 28  34  43  47  70  65  64 107  94  96  97  75  88  86  58  47  41  47
  53  40  23  25  15   5   0]
[ 38  46  62  55  54  59 101  91  86 110  95  90  75  68  76  52  58  51
  70  52  56  55  18   2   0]
[ 44  55  70  78  87  97 112 118 108  91  82  70  62  71  72  88 101  67
  66  51  48  26  15   3   2]
[ 36  46  65  83  88 106 111 130 143 102 109  99 117 109 106  66  98  93
  85  64  21  19  11   3   0]
[  2  32  82  99 111 117 144 166 158 181 157 132 132 123 145 127 139  95
  70  61  32  22   8   0   0]
[  0  18  64 102 125 130 162 121 143 179 159 120 116 156 160 119  91  72
  54  40  25  13   7   0   0]
[  0  37  88 150 164 179 173 154 152 157 179 169 163 113  97 102  90  76
  56  32  14   9   2   2   1]
[  0  56 159 189 186 217 178 206 206 216 216 198 244 170 135  93  70  53
  32  19  18  11   7   0   0]
[  0  41 183 195 243 277 287 261 253 265 212 196 174 116 119 101  68  69
  27  18   4   8   6   0   0]
[  0  12 238 312 325 338 337 264 237 218 176 146 103  93  95  97  57  52
  31  13  15   5   3   1   0]
[  0   0 243 360 329 310 277 267 198 170 167 115  75  80  61  32  59  35
  35  38   5   7   3   6   2]
[  0   0 173 308 296 277 182 197 139 134  98 120  72  52  35  40  48  33
  28  12   6   9   3   4   0]
[  0   0 150 327 273 237 203 213 152 141 109  76  67  72  68  53  48  46
  20  11   4   1   1   0   0]
[  0   0 158 316 297 293 253 224 175 150 131 116  67  49  47  33  24  23
  20  12   7   4   2   0   0]
[  0   0 181 275 246 212 217 130  73  84  62  52  25  24  14   7  11   9
   5   2   1   0   0   0   0]
[0 0 1 6 4 3 2 0 0 0 0 0 0 0 0 0 0 0 0 0 0 0 0 0 0]
