[ 19  29  35  38  41  54  69 104 123 188 197 210 233 281 291 280 271 357
 296 294 263 202 101   9   1]
[ 54  87  87 101 106 110 121 132 168 212 294 322 357 319 315 337 335 352
 327 267 237 159 100  36   8]
[ 56  82  97  88 106 153 220 248 247 350 426 426 457 461 400 460 459 441
 434 327 256 141  79  10   2]
[ 76 125 119 155 214 216 299 351 408 526 604 677 617 641 581 565 502 510
 451 357 275 203  91  15   3]
[116 141 180 213 245 333 391 535 610 805 809 819 764 760 716 630 610 537
 458 349 214 186  65  25  11]
[146 203 253 275 295 432 475 628 789 886 895 838 821 796 783 720 585 623
 534 426 229 165  79  25  11]
[196 252 305 349 443 597 699 782 912 980 903 947 907 911 907 832 727 637
 558 394 311 185  86  13  12]
[ 201  296  478  584  697  908 1088 1177 1232 1220 1219 1177 1098 1091
 1001  925  716  689  500  484  345  183   85   18   12]
[  19  193  542  706  942 1101 1304 1404 1571 1753 1666 1465 1313 1165
 1071 1030  913  786  656  450  299  165   63   22    6]
[   6  265  785  980 1101 1386 1648 1709 1883 1743 1729 1647 1409 1354
 1237 1105  896  781  623  421  275  132   53    7    7]
[   8  294  953 1145 1539 1769 1995 2216 2179 2276 2222 2141 1903 1846
 1774 1527 1236  884  557  444  259  117   28   14   10]
[   2  329 1092 1502 1878 2181 2494 2560 2670 2823 2942 3165 3269 3205
 2752 2082 1378  910  548  301  146   66   21   15   27]
[   0  262 1190 1643 1878 2360 2844 3096 3328 3533 3741 3804 3647 3501
 2783 1927 1320  711  366  157   80   35   14   17   27]
[   0  101 1843 2530 2969 3536 3875 3842 3712 3450 3113 2891 2575 2225
 1677 1048  574  399  191  104   71   39   21   24   38]
[   0    0 2641 4535 4629 4634 4595 3793 2715 2233 1818 1514 1191  869
  636  409  272  195  114   51   47   29   20   21   15]
[   0    0 2523 4860 4398 3921 3693 2632 1687 1192  817  689  503  373
  262  214  145  118   65   40   30   17   15   17    6]
[   0    0 1858 3448 2972 2390 2077 1549  938  747  601  511  496  340
  271  224  143   98   78   37   22   17    7    4    6]
[   0    0 1617 2974 2455 2046 1816 1435  908  738  631  540  358  356
  243  173  133   88   68   20   19   11    5    7    1]
[   0    0 1073 1947 1635 1276 1048  734  504  404  355  265  159  109
   90   59   58   26   20   14    6    9    2    3    2]
[ 0  0 15 29 18 11  9  3  7  3  0  0  2  1  0  0  0  0  0  0  0  0  0  0
  0]
