[ 10  16  13  29  43  70 138 190 257 367 445 447 513 534 508 436 322 225
 197 125  81  73  18   2   1]
[ 37  38  47  37  74 102 157 222 261 358 450 524 574 632 552 463 376 275
 185 146 115  51  19   5   2]
[ 27  34  64  71 101 155 237 315 352 466 642 809 714 657 652 601 508 366
 252 163 105  60  22   9  17]
[  36   82  125  176  262  359  542  722  867 1060 1105 1213 1090  893
  846  714  582  463  285  156   82   42   18    7   33]
[ 101  126  242  379  579  774 1137 1493 1518 1724 1650 1692 1456 1243
 1252  856  654  448  364  212  141   55   12    7   19]
[ 273  385  686  925 1139 1583 2207 2472 2396 2686 2431 1979 1811 1508
 1221  856  573  517  336  183  105   66   23   33   46]
[ 410  564  967 1472 1842 2654 3654 3553 3561 3566 3343 2733 2230 1821
 1476 1050  822  469  314  182  131   66   44   70  115]
[ 487  870 1540 2362 3322 4444 5825 5759 5133 4940 4376 3419 2363 1734
 1265 1020  732  531  323  238  173   93   52   60   77]
[  20  429 2053 3537 4833 6642 8407 7637 5982 5648 4680 3467 2311 1601
 1230 1046  753  403  229  136   79   72   52   34   48]
[    3   531  3088  5054  6497  8718 10158  9222  7095  5739  4341  3169
  2072  1636  1426  1161   693   354   235   132   133    99    81    36
    43]
[    4   750  3973  6681  8819 10879 12058 10154  6826  5723  4449  3325
  2423  1916  1691  1103   648   345   240   135   122   157   113    59
    55]
[    1   640  4009  6493  8381 10540 12012 10172  6499  5334  4640  4418
  4377  3798  2499  1317   670   354   199   159   186   213    94    58
    69]
[   0  312 2612 4384 6365 8186 9972 9021 6260 6293 6206 6086 5956 4723
 3193 1317  536  274  197  163  169  192  148   66   83]
[    0    62  3518  6176  8105 10330 12581 10921  7371  6219  5471  4840
  4156  3045  1621   607   402   253   212   190   222   300   155    70
    70]
[    0     1  5988 12099 13560 14060 14357 10609  5531  3801  2424  1917
  1491  1286   846   415   268   186   134   167   186   240   128    84
    44]
[    0     0  6153 13101 12619 11701 11070  7125  2959  1749  1143   843
   738   618   508   374   250   174   130   137   198   292   149    79
    26]
[   0    0 4589 9369 8387 7404 7001 4401 1715 1278  988  837  776  642
  443  308  191  155  118  127  210  338  155   98   17]
[   0    0 3357 6926 6532 6049 5754 3976 1842 1456 1192 1011  731  558
  413  281  182  131  107  133  299  479  160   67   15]
[   0    0 2165 4701 4327 4104 3904 2565 1185  866  621  431  289  209
  170  140   67   56   57   66  186  333  157   53   14]
[ 0  0 16 41 54 46 25  7  2  2  1  0  2  1  1  0  0  0  0  0  0  0  0  1
  0]
