[ 10  34  53  93 110 173 205 302 386 491 559 610 717 736 803 774 819 781
 720 712 580 373 107  50   6]
[  56   78   89   92  128  214  318  462  526  669  830 1027 1037 1064
 1069 1061 1013  967  833  778  613  369  192   55   10]
[  83  110  142  185  353  480  659  837 1072 1425 1548 1788 1905 1863
 1957 1882 1673 1417 1191  854  571  415  153   44   14]
[ 177  272  400  630  826 1099 1464 1857 2135 2395 2769 3019 2887 2798
 2757 2384 2052 1688 1353  983  596  287   98   35    4]
[ 335  525  839 1224 1501 1768 2335 2713 2955 3235 3410 3399 3341 3088
 2749 2389 2121 1821 1256  880  494  253  118   36    8]
[ 527  754 1141 1548 1883 2401 2827 3236 3584 3779 3885 3662 3175 3061
 2680 2285 2082 1590 1154  876  515  336  116   21    3]
[ 818 1137 1577 2123 2735 3248 3794 3852 4065 4043 3672 3368 3042 2727
 2473 2089 1785 1352 1167  891  499  237  107   34   10]
[ 856 1285 2158 2783 3306 3706 4416 4619 4400 4165 3511 3242 2906 2508
 2226 1898 1622 1411 1115  728  419  239   97   22   12]
[  79  949 3018 4235 4780 5538 5929 5696 4692 4033 3276 3031 2584 2348
 1985 1634 1449 1176  803  670  365  182   85   32    7]
[  20 1256 4664 6310 6857 7131 7229 6148 4746 3942 3312 2939 2550 2238
 1831 1623 1328 1081  725  506  284  128   77   25    9]
[  18 1763 6516 8802 9093 8918 8662 7267 5276 4451 3716 3312 2709 2276
 1878 1513 1202  987  776  457  272  158   58   26   16]
[    1  1797  7445  9973 10688 11322 11427  9803  7244  6004  5105  4518
  3780  3105  2219  1731  1208   828   583   375   217   127    59    26
    15]
[    0  1382  9060 13277 15511 16398 17003 14424 10154  7904  6226  5001
  3822  2802  1996  1506  1059   701   452   307   198   115    99    43
    13]
[    0   345 14184 21067 22167 22393 21374 17116 10709  7408  5134  3744
  2701  1982  1418  1063   704   546   306   216   159   128    85    30
    11]
[    0     5 15145 26610 25738 24384 23040 18084 10109  6666  4504  2810
  1955  1481  1108   800   612   411   290   248   203   149    91    33
    14]
[    0     0 12229 26936 24866 23279 22075 16008  8062  5230  3665  2652
  2049  1509  1246  1013   752   524   340   234   211   132    85    28
    11]
[    0     0 11438 24938 23188 21703 20403 14509  6848  4733  3564  2896
  2282  1902  1473  1109   815   561   329   242   181   129    66    24
     5]
[    0     0 10069 22660 22937 22420 22201 16291  8434  6280  4727  3834
  2897  2263  1650  1146   666   445   273   231   190   138    81    18
    11]
[    0     0  7741 17328 16645 15830 15387 11458  6168  4553  3363  2626
  1803  1389  1028   682   436   255   171   134    99    85    39    21
    10]
[  0   0 144 190 143  94  89  34  20  18  12   1   4   6   2   0   2   0
   0   1   0   1   0   0   0]
