[  1  12  20  31  35  71  78 104 116 140 170 156 168 183 222 234 319 331
 375 405 345 249 127  44   7]
[ 30  49  83  94 132 165 175 239 210 209 240 255 222 272 314 327 345 405
 427 466 349 238 121  42  13]
[158 260 331 343 405 371 425 395 426 357 332 398 415 388 358 386 396 453
 470 498 452 241 100  48   3]
[304 466 584 617 660 581 625 611 564 611 584 603 572 552 567 505 496 506
 405 402 338 252 116  47  14]
[458 668 779 715 778 727 723 682 680 634 647 638 617 601 633 625 541 529
 462 456 351 170  89  35   7]
[630 713 793 765 794 865 796 777 718 786 750 655 647 559 631 551 622 607
 472 428 349 217 116  55   7]
[ 897 1009 1016  909  886  876  921  951  899  841  844  816  802  754
  698  660  592  581  537  438  384  275  158   57   24]
[ 935 1202 1206 1048  966  896  964  939  955  948  889  848  739  705
  709  705  733  681  610  543  370  248  142   64   25]
[ 79 425 968 981 955 856 913 903 867 875 808 742 761 652 674 714 678 641
 598 475 317 248 152  64  27]
[ 17 462 945 867 812 761 762 727 760 808 751 767 815 819 728 730 705 617
 528 418 289 209 183  67  19]
[  11  450  999 1082 1004  956  926  962  902  877  903  887  952  973
  931  820  765  665  596  416  314  244  161   71   22]
[   1  575 1580 1737 1732 1625 1502 1577 1693 1633 1551 1519 1439 1431
 1432 1322 1102  888  731  553  364  293  223   91   26]
[   0  599 2388 2435 2323 2346 2170 2111 2111 2110 2120 1942 1737 1696
 1570 1381 1148  876  738  495  385  389  312  139   21]
[   0  139 2282 2319 2203 2161 2117 2136 2132 2064 1899 1791 1667 1550
 1259 1064  863  734  497  420  387  367  347  129   33]
[   0    1 1791 2576 2365 2102 1977 1935 1784 1591 1362 1296 1196  998
  873  748  644  585  445  360  332  399  332  113   18]
[   0    0 1385 2484 2132 1852 1590 1446 1288 1257 1106 1160  956  848
  768  695  702  532  487  426  332  437  359   94   13]
[   0    0 1286 2404 1891 1570 1482 1351 1252 1324 1274 1297 1186 1166
 1022  948  826  705  643  427  450  510  379  103   11]
[   0    0 1416 2760 2341 1973 1968 1871 1783 1744 1652 1644 1559 1437
 1317 1055  953  729  591  445  432  519  379   67    3]
[   0    0  917 1838 1491 1270 1146 1063 1046  967  965  872  801  741
  722  618  538  446  330  229  220  285  222   44    5]
[ 0  0 18 28 21 12 12  5  6  8  7  4  6  4  2  3  0  4  0  0  0  0  0  0
  0]
