[ 34  40  51  60  65 106 153 225 264 338 397 444 516 646 707 700 682 772
 711 750 641 471 228  24   2]
[ 74 117 133 159 167 201 232 296 383 519 615 680 740 771 785 761 895 920
 862 750 631 434 220  50  10]
[  79  122  167  169  248  312  458  506  585  837  941 1005 1088 1097
 1026 1036 1172 1097 1080  934  592  395  177   35    5]
[ 128  180  221  268  374  483  639  814  993 1212 1356 1499 1510 1493
 1408 1374 1236 1218 1128  877  607  398  187   42    7]
[ 219  283  386  483  555  717  963 1205 1392 1779 1898 1918 1874 1751
 1790 1630 1603 1407 1254  954  602  390  146   41   15]
[ 297  439  630  650  768 1126 1386 1658 1923 2161 2151 2136 2085 1944
 1875 1855 1675 1591 1390  997  613  385  162   54   14]
[ 415  549  702  870 1072 1465 1762 1918 2299 2413 2415 2529 2315 2333
 2275 2109 2013 1607 1314  974  650  380  163   35   24]
[ 465  756 1202 1421 1753 2070 2442 2783 2852 2799 2926 2834 2748 2762
 2450 2180 1807 1609 1249  968  646  342  169   36   22]
[  42  470 1248 1658 2084 2612 3097 3243 3390 3624 3465 3250 2909 2676
 2434 2229 1993 1630 1391  894  534  300  100   44   21]
[  12  563 1703 2201 2648 3328 4048 4310 4092 3904 3761 3709 3111 2890
 2742 2387 2116 1719 1240  890  530  247   99   27   20]
[  16  685 2253 2908 3730 4460 5051 5479 5068 5033 4763 4575 4068 3766
 3426 3021 2486 1832 1165  878  458  226   73   36   24]
[   2  772 2634 3565 4625 5438 6234 6339 6090 6153 6376 6525 6635 6237
 5229 4001 2682 1819 1103  622  312  169   79   44   40]
[   0  582 2923 4117 4916 6125 7348 7623 7720 7828 8114 8037 7344 6784
 5406 3675 2388 1402  761  397  228  121   79   40   36]
[    0   214  4763  6764  8033  9528 10718 10470  8991  8066  7316  6259
  5355  4588  3462  2087  1230   795   435   279   193   149    85    46
    47]
[    0     2  7231 12661 13447 13803 13446 11077  7402  5712  4530  3586
  2785  2049  1499  1024   675   471   331   208   157   123    94    58
    27]
[    0     0  7350 14927 13565 12854 11958  8711  4969  3509  2597  2105
  1573  1217   989   803   531   402   310   232   159   142    90    67
    10]
[    0     0  6151 12061 10370  9229  8293  6163  3708  2880  2364  2048
  1727  1294  1107   843   552   396   235   161   129   105    67    26
    11]
[    0     0  5680 11197  9891  9208  8561  6756  4335  3475  2766  2212
  1734  1350  1004   614   472   289   211   137   135   113    63    28
    12]
[   0    0 4291 8319 7331 6469 6182 4497 2950 2229 1831 1392 1072  737
  482  373  240  144  101   67   65   58   33   17    6]
[  0   0  77 116  66  50  34  16  19   8   6   2   7   2   1   1   0   0
   0   0   0   0   0   0   0]
