[  4   4   4  10   2   6  10  18  30  28  44  29  45  50  54  69  64 100
 117 119 106  58  24   9   0]
[ 10   8  21  26  24  24  35  47  26  47  60  56  86  80  85  95  97 120
  96 125 111  86  25   5   1]
[ 17  17  30  45  40  67  64  83 109 119 114  96 129 105 110 110 131 125
 136 131 114  82  22   4   1]
[ 30  50  67  79  59 107 121 167 170 173 172 190 216 176 185 169 131 153
 183 174 113  95  48  12   0]
[ 39  72  94 130 141 165 150 167 217 190 203 224 198 215 223 179 142 174
 190 167 125 102  48  22   2]
[ 75 131 200 226 232 242 256 309 275 254 277 236 225 205 147 158 192 179
 185 153 102  91  47   9   2]
[246 282 296 303 295 293 287 353 371 343 321 298 281 247 179 179 213 215
 199 180  99  78  45  13   6]
[220 295 301 292 304 282 247 282 265 256 202 197 164 184 204 200 256 216
 189 169 114  80  33  17   8]
[ 21 142 321 313 298 296 295 245 247 267 292 294 274 299 286 251 206 178
 189 132 134  81  64  15   9]
[  6 106 243 233 259 342 334 310 246 299 309 344 324 339 310 257 234 199
 174 140 113  65  34  16   4]
[  4 154 391 347 365 375 453 434 449 457 478 455 428 402 341 303 233 225
 212 144 119  66  36  17   3]
[  0 179 545 601 638 621 527 558 612 589 611 626 490 436 359 325 287 227
 218 137 109  72  43  22   3]
[  0 188 648 746 667 652 745 757 813 782 726 649 556 499 336 285 246 183
 157 115 105  81  48  25   7]
[  0  43 839 815 780 755 825 773 750 647 528 425 373 307 216 200 146 168
 143  93  93 104  62  27   2]
[  0   0 653 891 776 707 579 576 494 457 395 309 274 224 166 202 170 149
 118 118  85  76  71  16   3]
[  0   0 463 745 625 516 486 457 385 377 339 356 287 278 237 225 212 166
 154 119  91  72  52  17   1]
[  0   0 388 664 575 535 521 460 479 482 435 452 411 385 366 328 260 235
 169 130 106 113  65  13   2]
[  0   0 440 812 625 589 526 534 464 498 495 471 387 357 338 266 230 188
 151 141  93  94  54  17   2]
[  0   0 303 599 580 484 409 387 372 385 316 244 287 241 190 176 125 118
  70  71  47  43  38  12   0]
[ 0  0  7  5 10  7  6  6  1  1  2  1  0  0  2  2  2  0  1  1  0  0  0  0
  0]
