[  9   5   5  13  17  34  66  97 110 118 166 183 231 297 334 348 334 361
 368 399 323 234 106  10   0]
[  3  19  24  32  39  72  81 135 187 245 263 280 301 368 400 342 472 462
 463 426 336 229 106  14   1]
[ 17  32  55  64 119 144 201 212 280 390 403 458 515 537 520 489 617 551
 555 521 288 210  81  24   1]
[ 42  42  81  91 133 230 293 392 474 556 595 649 724 696 682 662 599 599
 585 449 302 169  77  22   4]
[ 86 118 174 234 259 317 482 539 636 777 830 853 857 765 880 834 821 752
 694 527 336 177  68  14   3]
[125 198 314 314 380 554 719 803 874 983 952 994 969 957 857 943 900 823
 716 500 333 183  68  24   1]
[ 172  252  321  420  509  664  838  871 1056 1141 1195 1244 1089 1152
 1108 1059 1098  830  628  485  279  162   68   15    9]
[ 209  333  545  629  769  837  987 1228 1195 1174 1282 1242 1294 1298
 1157 1008  913  728  601  404  246  123   73   10    8]
[  20  225  558  729  900 1128 1299 1412 1388 1419 1378 1352 1200 1126
 1053  968  853  664  580  355  194  115   33   19   15]
[   6  244  733  942 1191 1509 1884 2021 1772 1756 1551 1540 1258 1116
 1153 1008  943  724  482  363  192   87   34   20   13]
[   6  309 1029 1363 1621 2046 2389 2613 2320 2231 2024 1957 1724 1509
 1322 1192 1014  747  459  342  148   92   44   21    8]
[   0  361 1190 1598 2118 2580 3018 3018 2723 2640 2691 2609 2653 2335
 1881 1456 1028  699  448  252  143   90   50   28    7]
[   0  278 1451 2066 2530 3109 3763 3768 3588 3505 3442 3303 2842 2543
 2084 1334  819  545  322  204  131   81   59   20    4]
[   0  102 2496 3577 4289 5002 5720 5480 4338 3734 3326 2655 2261 1825
 1473  854  544  353  208  147  103   95   58   19    0]
[   0    2 3855 6802 7413 7675 7458 6256 3978 2839 2180 1691 1314 1004
  755  517  337  240  182  132   89   87   67   29    4]
[   0    0 4143 8572 7882 7776 7189 5338 2883 2059 1526 1210  924  722
  621  510  345  251  206  157  109  103   59   34    3]
[   0    0 3677 7488 6542 6041 5524 4154 2514 1900 1597 1369 1114  843
  746  557  367  262  141  108   96   77   43   17    3]
[   0    0 3505 7156 6530 6364 5977 4752 3065 2461 1917 1461 1219  881
  691  384  307  178  130  101  101   81   43   12    3]
[   0    0 2828 5611 5096 4710 4704 3438 2259 1686 1378 1063  848  588
  365  284  173  112   67   43   46   42   23    9    1]
[ 0  0 52 65 40 37 22 12  9  5  6  2  5  1  1  1  0  0  0  0  0  0  0  0
  0]
