[ 41  54  74  86 160 228 290 365 344 325 294 246 218 148 132  93  66  44
  23  40  22  14   7   2   6]
[ 92 129 166 178 244 357 424 456 416 410 357 300 255 214 161 118  66  71
  42  32  40  31  34  19   9]
[ 262  335  388  471  638  880 1048  979  761  750  684  602  560  434
  294  218  173   90   86  111  133  108   76   26   34]
[ 847 1125 1552 2015 2445 3005 3299 2579 1635 1463 1329 1138  982  758
  567  429  312  276  251  322  343  307  209   65   32]
[2012 2631 3518 4612 5446 6518 7089 5154 2978 2494 2256 1782 1331 1122
  966  814  635  510  479  528  587  486  387  123   75]
[ 3346  4627  6053  7338  8710 10049  9694  6793  3809  2938  2290  1829
  1481  1246  1120   893   685   674   655   691   800   781   538   159
   128]
[ 4665  6077  7873  9109 10054 10430 10037  6523  3433  2488  1857  1501
  1212  1000   872   746   665   596   658   694   764   795   560   218
   135]
[3527 4747 7118 8768 9688 9201 7659 4463 2273 1558 1021  745  584  540
  523  470  415  408  387  368  410  439  380  167   71]
[ 100 1201 5307 7279 7081 6351 4900 2825 1282  685  412  275  209  143
  133   77   34   34   27   28   34   20   19    9    3]
[  12 1044 4681 5910 4855 4037 2974 1576  593  306  181  162  125   83
   38   24   16   11    9   11    1    4    6    1    0]
[   7  762 3039 3655 3080 2616 1928 1129  533  306  204  186   82   46
   44   38   16   11    3    8    3    3    4    3    4]
[   0  432 2105 2979 2641 2388 2130 1426  641  388  186  129   76   53
   37   22   18   15    8    4   10    3    1    0    5]
[   0  111 1033 1692 1871 1860 1803 1109  452  261  163  124   63   34
   31   26   18    5   11    5    4    2    0    0    8]
[   0   14  703 1175 1149 1104  932  554  228  154   73   46   51   36
   31   24   10    4    6    8    7    5    1    1    4]
[  0   0 309 492 399 397 276 139  20  12  21  16  15   4   6   4   5   0
   2   2   2   0   0   0   2]
[  0   0  86 185 138 120 148  58  17   5   6   8   5   8   6   3   0   1
   0   0   0   0   1   0   0]
[ 0  0 10 46 34 20 28 14 11  1  4  5  1  2  5  5  2  0  1  0  0  0  0  0
  0]
[0 0 6 7 6 3 1 3 0 1 0 3 4 6 2 5 4 2 0 0 0 0 0 0 0]
[0 0 0 0 0 0 0 0 0 0 0 1 0 1 0 2 0 0 0 0 0 0 0 0 0]
[0 0 0 0 0 0 0 0 0 0 0 0 0 0 0 0 0 0 0 0 0 0 0 0 0]
