[  7  10  15  13  24  47  48  64  69 102  87  88 124 101 152 190 202 235
 238 286 237 189  93  30  11]
[ 26  40  44  28  56  99 108 100 112 129 151 165 193 184 189 195 213 240
 287 249 218 182  74  22   6]
[120 162 232 184 200 218 226 237 264 295 343 301 286 296 312 267 311 340
 312 242 176 122  63  29  11]
[171 269 302 366 388 400 420 423 421 488 420 413 375 383 405 312 297 328
 292 260 220 110  63  32   9]
[239 380 410 402 457 476 532 577 571 527 495 416 379 352 305 306 387 308
 286 253 225 124  79  18   3]
[321 428 563 607 592 630 573 515 550 563 486 512 448 374 363 325 319 330
 333 275 178 101  71  27   8]
[607 736 727 757 741 708 622 588 542 597 501 411 368 336 286 335 299 274
 296 302 198 116  78  30  13]
[713 793 860 750 693 658 573 528 408 398 395 373 358 336 319 315 291 321
 272 281 224 142  74  31  15]
[ 49 399 831 811 731 598 509 441 459 357 357 342 283 278 256 262 291 285
 252 260 218 147  88  52  13]
[  3 244 629 570 503 447 386 378 409 339 286 308 274 273 241 252 269 264
 221 183 168 131  92  55  18]
[  9 252 609 584 563 548 546 550 426 430 394 351 290 349 320 316 304 276
 260 199 167 134 104  42  14]
[  0 304 807 908 792 814 738 626 586 546 492 440 415 414 375 386 364 373
 332 233 182 165 162  86  13]
[   0  311 1322 1402 1098  983  834  735  688  627  606  578  478  496
  503  488  460  396  324  268  201  192  176   98   17]
[  0  75 996 972 782 610 557 524 477 425 442 420 401 418 409 363 344 324
 232 225 162 231 219  97  24]
[  0   0 593 762 597 486 424 434 386 391 370 398 347 361 327 286 288 248
 237 152 162 254 234 106  21]
[  0   0 431 746 622 467 457 423 467 429 400 428 431 414 409 348 335 284
 229 189 199 260 244  61  11]
[  0   0 452 791 677 612 559 518 540 577 599 616 621 610 564 530 460 389
 310 266 227 336 277  78   1]
[   0    0  621 1270 1090 1029  927  944  912  961  895  899  834  803
  689  610  496  459  372  270  216  288  311   77    6]
[   0    0  501 1009  852  763  730  710  685  676  668  589  513  478
  483  406  360  264  224  149  147  224  199   57    1]
[ 0  0 10 11  2  4  4  5  0  2  7  1  1  4  1  0  0  1  0  0  0  0  0  0
  0]
