[ 1  6 11 10 11 22 24 40 33 59 56 56 64 61 62 62 80 83 82 98 93 57 22  8
  2]
[  8  18  22  30  65  63  62  94  58  43  57  63  62 106  92 109  89  93
 119 139  99  61  37   7   0]
[ 45  75  93  90 128 119 135 121 143 111 107 144 170 142 121 122 122 144
 168 183 158  87  39  22   0]
[120 186 211 223 229 220 193 149 176 198 223 226 198 207 182 153 166 147
 106 149 126  85  54  26   6]
[141 172 182 211 251 181 215 209 235 240 189 201 244 206 211 172 164 185
 127 141 110  56  42  18   1]
[183 213 232 262 294 332 262 256 220 264 239 187 193 180 200 162 175 206
 147 143 117  72  58  22   2]
[204 217 262 242 247 268 285 324 310 242 296 296 246 226 195 215 219 162
 161 173 143 104  55  18   7]
[221 301 343 322 340 349 431 429 376 321 317 286 245 243 255 242 264 234
 230 211 154  99  59  14   1]
[ 23 122 281 301 323 275 336 331 335 324 304 261 315 252 256 306 300 263
 236 173 113 105  47  19   4]
[  4 107 255 260 301 249 284 271 308 329 316 348 373 397 378 383 344 290
 262 192 100  95  51  16   5]
[  1 117 300 393 360 384 379 449 437 423 475 479 517 532 529 456 439 357
 305 185 124  84  36  28   4]
[  0 179 539 628 651 647 729 730 825 813 880 851 825 848 865 777 626 422
 334 260 132  87  57  20   7]
[   0  170  674  692  787  907  945 1054 1079 1141 1234 1153  891  917
  777  620  528  350  284  186  130  107   67   35    1]
[   0   47  912 1013 1022 1081 1238 1274 1295 1261 1113 1022  907  893
  702  578  412  315  198  159  136   86   98   25    9]
[   0    0  958 1454 1423 1286 1256 1207 1075 1001  811  776  682  545
  400  353  269  231  170  113  105   93   60   13    2]
[   0    0  770 1403 1231 1072  949  862  765  696  579  568  401  318
  261  234  201  137  131  112   85   91   60    7    1]
[   0    0  616 1130  942  714  570  548  476  485  406  402  382  325
  266  223  214  186  156  105  117   95   47   13    0]
[  0   0 512 923 679 553 530 480 494 401 376 380 349 309 260 210 161 148
 102  82  66  69  53   6   0]
[  0   0 335 631 485 388 308 304 266 219 248 158 158 152 138  94 108  85
  51  47  27  29  15   2   2]
[ 0  0 11 11  7  8  4  1  4  2  3  0  0  3  0  0  0  0  0  0  0  0  0  0
  0]
