[  199   196   337   609  1181  2154  3495  5478  7875 10877 12188 13498
 14737 15348 16886 19587 23663 28802 34144 38253 35121 23062  8630  1810
  6241]
[ 534  309  381  405  558  935 1237 1613 2078 2352 2448 2632 2560 2493
 2274 2128 1878 1789 1646 1451 1242  850  482  181 3648]
[1797  728  951 1088 1519 2077 2694 3338 4131 4764 4530 4610 4559 4135
 3861 3443 3013 2633 2225 1719 1305  967  516  234 8088]
[ 5815  2082  2808  3840  4725  6065  7488  8930 10202 10648  8957  8367
  7683  6627  5820  4773  3797  3306  2700  2233  1688  1116   692   452
 16278]
[13683  4699  6526  8741 10638 12927 15918 18110 19650 18690 14209 11656
  9686  8039  6627  5534  4646  3800  2919  2474  1880  1387  1031   653
 26826]
[24348  8151 11365 14273 17131 20672 23331 25969 25492 21821 15589 12310
  9815  8105  6774  5401  4630  3810  3138  2732  2255  1903  1363   887
 36254]
[37274 12257 16101 19447 22363 25236 27716 28891 27775 23228 15059 11706
  8960  7250  6026  4952  4256  3553  3349  3017  2412  2019  1594  1231
 42396]
[32478 11291 18003 22681 26048 28149 28693 27608 24917 20565 13018  9765
  7545  6080  5149  4300  3686  3236  2798  2267  1911  1491  1146   896
 23429]
[ 1432  4950 18519 25876 27005 27801 26856 25476 22666 18195 11304  8363
  6370  5301  4267  3443  2893  2382  1843  1548  1135   761   485   271
  3305]
[   72  5419 22020 28938 28261 27689 26054 23746 21523 17570 10968  8154
  6363  5051  4110  3460  2843  2361  1702  1344  1003   675   501   297
  2765]
[   77  6358 23985 30478 29260 28198 26736 25487 23470 20649 13578 10095
  7528  5995  4750  3652  2878  2330  1951  1348  1054   742   584   340
  3572]
[    3  5365 23366 31127 31856 32914 32939 32923 32528 29556 19868 15003
 11321  8419  5954  4431  3338  2551  1938  1413  1158   887   745   506
  4731]
[    0  3379 23801 35374 39574 41486 42674 42918 42162 37974 24145 16934
 12122  8789  5960  4277  3199  2383  1759  1458  1288  1107   944   593
  6942]
[    0   765 31405 47019 48340 47770 45919 44219 41434 36417 21538 13886
  9288  6574  4507  3246  2415  1941  1475  1259  1162  1196  1074   561
  7797]
[    0     6 28456 49235 45347 42516 40520 38993 36448 32920 18860 11473
  7114  4973  3580  2701  2180  1640  1367  1296  1276  1245  1056   526
  7016]
[    0     0 18965 40974 37192 35083 33650 32178 30648 27228 14986  9598
  6484  4805  3923  3191  2407  1917  1507  1286  1352  1244  1036   474
  5626]
[    0     0 15377 33340 30859 29063 28358 27578 26576 24804 13972 10361
  7522  5997  4807  3813  2898  2200  1655  1499  1523  1445  1121   448
  4065]
[    0     0 12671 28163 28049 27873 28163 28567 28243 27324 16716 12518
  9290  7138  5502  3928  2724  2031  1628  1487  1375  1358  1070   333
  3683]
[    0     0  9208 20462 19644 18840 18603 18489 17958 17077 10719  8057
  5751  4309  3420  2438  1786  1229   964   885   769   864   625   188
  2205]
[  0   0 166 218 170 112 110  79  62  58  39  21  10  19  12   8   7   4
   4   2   1   1   0   0   9]
