[  319   261   398   512   816  1460  2478  3857  5769  8183 10646 13011
 15540 17792 20474 24543 29713 37148 43356 48284 43369 29631 12020  2273
  3596]
[ 494  306  392  439  505  656  826 1059 1354 1787 1979 2179 2279 2375
 2399 2207 2166 2099 1892 1761 1387  938  466  141  834]
[ 825  533  669  722  871 1059 1438 1688 2036 2559 2825 3119 3116 2984
 2813 2701 2693 2395 2240 1983 1438  883  416  139 1275]
[1520  862 1103 1292 1600 1786 2385 3008 3614 4355 4476 4692 4506 4102
 3816 3503 3164 2880 2350 1845 1365  904  429  149 1751]
[2711 1272 1702 2001 2405 2967 3881 5049 5957 7112 6827 6680 6084 5406
 5085 4382 3822 3225 2745 2120 1495  911  429  170 3876]
[ 4691  1869  2648  3006  3515  4769  6145  7813  9259 10780  9498  8342
  7249  6216  5610  4815  4051  3717  3013  2237  1519   991   501   252
  6312]
[ 7549  2682  3483  4302  5354  7188  9380 11521 14156 15266 12827 11178
  9195  7827  6822  5681  4943  3805  3097  2279  1725  1184   705   373
 10362]
[ 7810  3395  5049  6377  8102 10427 13935 17667 20538 20095 15979 13038
 10077  8149  6832  5900  4768  4119  3188  2534  1772  1158   666   372
  9698]
[  544  1678  5667  8316 11008 14481 18595 21665 24531 25097 18751 14041
 10530  8443  7050  6071  5079  3911  3136  2206  1461   998   540   330
  6047]
[   43  1974  7474 11029 13887 18637 22994 26864 29549 28640 20005 15361
 11254  9371  8054  6655  5213  3873  2968  2146  1468   938   613   289
  6970]
[   38  2392  9396 14074 18087 22489 26311 30553 32764 32060 23356 18091
 14232 11908 10015  7920  5992  4203  2915  2163  1440  1058   678   414
  7809]
[    5  2446 10247 15057 19327 23693 27401 31387 35034 36285 29049 25805
 23877 20811 15663 10687  6960  4470  2984  2090  1492  1176   747   448
  8869]
[    0  1719  9575 13412 16876 21021 25386 30506 36520 40306 35643 32557
 29587 25134 17826 10334  6205  3890  2681  1826  1439  1308  1046   549
 10720]
[    0   486 12959 18843 23009 28249 33239 38115 41929 42876 32635 27255
 22429 17856 11793  6387  4070  2926  2062  1674  1528  1433  1106   571
 10381]
[    0     4 19098 34728 37305 38305 38708 38716 37561 34111 20730 15158
 11386  8743  6399  3972  2887  2257  1757  1465  1372  1437  1027   549
  7737]
[    0     0 18276 37174 34116 31977 30494 28363 26114 21922 12285  8640
  6400  5001  3955  3269  2593  2003  1660  1471  1351  1531  1085   496
  4313]
[    0     0 14349 28284 24712 22119 21079 19709 18508 17227 10683  8377
  6852  5640  4441  3574  2689  2081  1743  1451  1459  1656  1066   452
  2406]
[    0     0 12424 24769 22267 20754 20252 20123 19591 18415 12215  9639
  7429  5841  4754  3390  2650  1987  1681  1470  1658  1943  1066   395
  2033]
[    0     0  8968 17932 15724 14172 13712 12807 12320 11319  7370  5685
  4186  3138  2417  1965  1435  1148   926   747   945  1182   741   257
  1413]
[  0   0 137 242 172 127  91  64  52  42  29  21  26   9   6   6   4   6
   1   1   2   2   1   3   6]
