[  6  14  22  39  76 106 135 232 280 372 450 448 464 409 350 247 196  88
  61  35  31   8   3   3   9]
[ 19  35  46  58  75 161 246 273 487 491 537 567 575 536 422 296 190 128
 103  44  27  14  10   7   3]
[ 53  66 108 144 183 301 454 542 683 807 892 960 940 764 613 476 320 239
 118  64  27  23  20  12   9]
[ 187  257  356  546  766 1039 1376 1443 1587 1808 1868 1790 1645 1261
  932  689  410  326  166   92   58   29   23   16   33]
[ 638  828 1331 1867 2472 3094 3702 3732 3562 3577 3270 2749 2271 1608
 1070  808  584  356  182  186   94   53   37   33   50]
[1287 1825 2828 3752 4730 5775 6651 5963 4511 3882 3393 2646 2129 1532
 1162  766  561  392  316  258  214  156   89   62  142]
[2445 3493 4874 6201 7188 8586 9086 7303 4922 3910 3046 2507 1716 1317
 1073  745  610  509  476  432  425  344  221  147  271]
[ 2461  3622  6635  8747 10500 12012 11767  8141  4720  3345  2413  1972
  1433  1046   811   610   455   327   318   273   330   262   172   152
   156]
[  116  2017  8126 11967 12740 12951 11535  7618  4080  2863  1887  1337
   897   608   485   344   224   157   112    89    93    78    67    46
    32]
[   26  2533 10753 14542 14335 13629 11554  7068  3467  2378  1478   918
   736   506   448   351   251   175   122   117   134   123   104    91
    46]
[   37  3139 12307 15674 14763 13761 11871  7540  3486  2445  1679  1216
   864   663   485   316   221   174   135   114   134   111   154   111
    49]
[    2  2454 11567 15460 15759 15720 14643  9655  4659  3425  2357  1793
  1135   773   538   335   292   248   182   147   198   134   144   118
    61]
[    0  1266 10934 17002 18911 19367 18639 12900  5884  3820  2593  1791
  1256   800   518   353   260   212   176   214   266   218   214   155
    87]
[    0   265 13735 21546 21938 20727 18688 12148  4592  2563  1545   941
   674   495   420   308   256   209   193   182   251   230   214   164
    81]
[    0     0 11010 19178 16554 14766 13297  7926  2380  1199   731   590
   440   405   369   282   236   171   159   223   252   194   195   124
    70]
[    0     0  5335 11393  9953  9354  8358  4788  1196   663   489   434
   372   366   337   272   185   178   150   180   242   204   219   164
    62]
[   0    0 2778 6197 5608 5044 4924 2875  644  406  337  365  349  330
  303  245  181  108  106  133  236  167  216  163   40]
[   0    0 1253 2772 2648 2770 2764 1751  476  400  319  310  270  227
  211  139  104   70   65   63   79   92  137   65   29]
[   0    0  460 1069 1063 1037 1034  605  179  113   86  106  117  104
   86   63   49   33   17   29   30   24   25   15    9]
[0 0 2 4 4 0 0 1 0 0 1 0 0 0 0 0 0 0 0 0 0 0 0 0 0]
