[ 29  37  52  33  67  97 118 135 164 212 230 236 293 310 282 236 201 176
 109  89  70  27  11   1   1]
[ 71  74  96  92  69 124 179 160 229 307 296 283 329 292 327 213 189 149
 120  82  37  20   8   1   7]
[ 63  81  64  93  58 141 194 225 282 319 356 347 376 344 328 238 211 132
 101  62  39  13   8  10   1]
[ 82 107 109 172 219 262 381 455 450 504 555 550 524 412 359 325 302 199
 141  91  56  18   9   6   5]
[108 141 224 292 353 531 706 760 706 781 857 753 790 683 512 448 354 296
 191 109  59  46  40  13  12]
[ 165  229  384  483  580  826 1069 1238 1074 1099 1170 1160  959  861
  702  573  398  294  199  145  102   45   31   10   19]
[ 292  401  582  791 1169 1564 2032 2172 1929 1945 1799 1529 1173 1002
  813  660  532  328  257  195  127   83   56   37   65]
[ 247  397  758 1047 1481 2088 2808 3052 2582 2260 2078 1661 1202  873
  729  635  465  370  293  199  123   71   41   16   31]
[  25  245 1004 1567 2294 3069 3731 3485 3132 2977 2490 1671 1185  982
  774  590  453  313  192  112   71   38   21   31   31]
[   7  295 1241 2059 2889 4109 4896 4320 3504 3170 2450 1734 1287 1015
  816  631  391  240  209  106   56   33   20   16   28]
[   3  343 1544 2467 3258 4245 4893 4245 3426 2930 2199 1680 1351 1119
  924  723  479  297  136   86   49   26   19   16   33]
[   1  302 1412 2339 3266 4153 4550 4139 3337 2869 3005 2818 2529 2181
 1534  941  463  196  139   92   47   25   14   25   41]
[   0  146 1088 1668 2285 2822 3436 3587 3452 3442 3642 3624 3404 2635
 1609  685  339  202  123   66   52   18   11   17   51]
[   0   43 1603 2374 3185 4170 4714 4428 3690 3340 2879 2405 1853 1354
  748  295  173  120  103   62   51   29   24   31   61]
[   0    0 2807 5080 5396 5477 5216 3894 2185 1535 1036  795  562  409
  275  169  152  108   67   60   41   36   34   36   37]
[   0    0 2192 4425 3747 3268 2867 2066  948  621  439  300  239  194
  183  119  121   76   55   48   60   57   48   23   21]
[   0    0 1483 2847 2493 2188 2021 1287  696  561  494  380  321  240
  172  114   77   51   42   21   31   42   28   28   11]
[   0    0 1297 2610 2216 1947 1930 1462  903  704  628  480  314  222
  162   91   51   54   37   23   30   58   47   31   10]
[   0    0 1054 2028 1704 1356 1182  898  545  407  244  189  124   83
   55   22   20   22   21   19   27   44   28   29    7]
[ 0  0 22 42 23 11  6  1  2  0  0  1  1  0  0  0  0  1  0  0  1  0  1  0
  1]
