[  0   6   9  21  24  49  54  64  82  81 114 100  98 119 155 171 236 245
 286 301 248 187 103  36   5]
[ 22  30  61  64  66  98 107 141 151 164 182 189 153 166 221 216 251 310
 305 319 247 175  83  35  13]
[110 182 236 251 273 247 287 270 279 240 217 248 242 241 234 261 268 307
 298 307 293 154  61  26   3]
[180 276 356 382 424 352 429 456 380 407 358 373 366 332 371 345 312 340
 292 252 212 163  61  21   8]
[317 491 590 498 519 540 501 469 441 390 455 430 370 390 411 436 367 338
 326 311 238 111  46  17   6]
[445 495 555 500 492 520 518 509 493 511 503 458 439 363 420 382 431 387
 321 283 229 142  58  33   5]
[682 782 739 658 629 599 611 608 577 588 536 504 536 511 495 435 367 401
 363 260 240 165 101  39  17]
[697 865 818 675 595 527 518 500 568 602 554 532 466 439 429 449 462 439
 372 325 209 142  78  50  23]
[ 56 290 672 661 618 566 560 557 518 540 490 460 424 381 390 391 368 365
 349 294 196 141 101  44  22]
[ 12 346 669 590 498 495 460 437 435 459 417 402 419 409 329 335 343 308
 258 219 184 111 128  50  14]
[ 10 329 688 674 628 551 525 478 439 436 404 383 413 422 382 342 310 293
 281 219 183 156 123  42  18]
[   1  394 1020 1080 1059  949  745  814  842  800  639  646  587  553
  530  514  457  439  387  280  228  200  164   70   19]
[   0  426 1685 1708 1489 1406 1182 1017  984  922  845  764  803  744
  743  730  584  507  438  297  244  272  242  103   19]
[   0   91 1316 1248 1119 1027  849  814  781  750  740  712  703  593
  523  470  437  405  292  251  242  276  242  101   24]
[   0    1  788 1065  867  764  688  687  670  554  522  489  492  430
  459  379  347  346  266  237  222  302  268   99   16]
[   0    0  583 1024  862  750  589  543  497  536  511  575  533  516
  489  443  475  379  342  304  239  333  294   86   12]
[   0    0  639 1202  901  816  857  763  748  796  835  846  774  806
  744  713  600  514  478  318  325  404  328   87   11]
[   0    0  867 1781 1618 1381 1389 1352 1257 1311 1230 1229 1169 1104
 1038  831  768  570  480  356  363  442  321   61    3]
[   0    0  570 1177  964  867  811  744  760  732  704  701  626  574
  570  507  421  355  273  181  192  253  205   42    2]
[ 0  0  7 17 13  3  8  4  1  6  4  4  6  1  2  3  0  4  0  0  0  0  0  0
  0]
