[ 10  21  38  71  90 149 193 286 374 468 533 577 667 686 754 722 764 729
 662 668 548 343  94  39   6]
[  35   51   74   86  118  195  292  430  495  636  800  992  987 1022
 1029 1018  978  936  786  728  597  352  179   49   10]
[  59   83  128  176  336  463  633  799 1016 1351 1472 1716 1824 1796
 1868 1811 1617 1367 1139  796  521  391  147   40   13]
[ 157  249  380  594  784 1047 1425 1799 2048 2292 2650 2900 2796 2713
 2657 2307 1999 1664 1301  939  569  256   89   32    4]
[ 304  490  793 1176 1426 1702 2269 2599 2851 3122 3302 3306 3230 2986
 2671 2334 2077 1771 1199  838  471  226   96   31    8]
[ 483  696 1073 1489 1824 2328 2714 3130 3478 3658 3784 3561 3095 2974
 2593 2222 2019 1533 1081  817  455  277   95   19    3]
[ 770 1077 1498 2034 2645 3147 3670 3722 3945 3936 3581 3285 2965 2640
 2392 1987 1678 1279 1092  824  449  204   92   31    8]
[ 816 1231 2089 2686 3212 3587 4292 4483 4243 4047 3383 3125 2773 2391
 2111 1819 1513 1310 1017  660  393  216   84   19   12]
[  77  913 2929 4126 4662 5410 5772 5518 4527 3831 3105 2892 2439 2209
 1819 1500 1298 1074  730  592  325  159   76   32    7]
[  20 1232 4589 6191 6711 6985 7039 6015 4582 3752 3130 2801 2423 2067
 1658 1486 1224 1000  665  444  247  114   70   25    9]
[  18 1723 6416 8628 8903 8714 8467 7084 5097 4267 3520 3131 2526 2150
 1767 1393 1100  907  706  417  254  146   56   24   15]
[    1  1733  7265  9772 10469 11072 11215  9571  7002  5770  4861  4303
  3512  2915  2073  1615  1130   765   544   353   195   112    52    26
    15]
[    0  1331  8851 13025 15230 16075 16669 14130  9864  7604  5983  4777
  3616  2659  1861  1376   966   608   417   281   192   106    92    43
    13]
[    0   330 13892 20678 21790 22001 21000 16813 10446  7172  4930  3584
  2583  1879  1312   965   639   479   272   199   143   120    82    29
    11]
[    0     5 14866 26202 25353 24024 22727 17783  9883  6467  4313  2681
  1863  1382  1031   760   547   372   253   208   197   142    85    27
    12]
[    0     0 12034 26570 24514 22945 21856 15773  7881  5063  3548  2511
  1963  1445  1200   963   695   488   312   221   205   123    82    23
    11]
[    0     0 11252 24553 22849 21414 20150 14242  6673  4567  3427  2801
  2206  1823  1401  1047   757   507   307   229   175   127    65    24
     5]
[    0     0  9880 22277 22578 22075 21897 16028  8229  6099  4578  3700
  2811  2203  1596  1107   636   419   251   216   180   134    79    18
    11]
[    0     0  7538 16985 16338 15582 15135 11291  6076  4447  3290  2566
  1768  1358  1010   671   419   245   165   132    98    85    39    21
    10]
[  0   0 142 182 139  88  86  34  20  18  12   1   4   6   2   0   2   0
   0   1   0   1   0   0   0]
