[ 1  6 11 10 11 22 24 40 33 59 56 56 64 61 62 62 79 83 81 97 92 56 22  8
  2]
[  8  18  22  30  65  63  62  94  58  43  57  63  62 106  92 109  89  93
 118 139  98  60  37   6   0]
[ 45  75  93  90 128 119 135 121 143 111 107 144 170 142 121 122 122 144
 168 183 158  87  38  21   0]
[120 186 211 223 229 220 193 149 174 198 223 226 198 207 181 153 166 147
 106 149 124  85  53  24   6]
[141 172 182 211 251 181 215 207 235 239 189 201 244 206 211 172 164 185
 126 139 108  54  41  17   1]
[183 213 232 262 294 331 262 256 220 264 239 187 193 179 199 161 175 206
 147 143 116  72  56  20   2]
[204 217 262 242 247 268 285 324 310 242 296 296 246 224 193 214 219 160
 160 171 141 103  50  15   7]
[221 301 343 322 340 349 429 429 376 321 317 286 245 242 252 240 261 234
 230 208 153  94  57  13   0]
[ 23 122 280 301 323 275 336 329 335 324 303 260 314 252 255 306 299 263
 233 172 111 102  43  13   3]
[  4 107 255 259 301 249 282 270 308 329 316 347 373 397 377 380 342 286
 260 187  98  93  47  15   4]
[  1 117 300 393 360 384 379 449 437 420 474 478 517 531 526 455 435 357
 304 182 121  78  33  26   4]
[  0 179 539 628 651 645 727 728 823 813 880 850 825 845 862 774 624 418
 329 255 124  82  51  18   5]
[   0  170  674  692  786  905  944 1050 1077 1138 1233 1148  889  916
  776  616  523  347  274  179  122   99   60   30    1]
[   0   47  912 1013 1022 1080 1232 1266 1292 1260 1108 1017  900  892
  699  569  410  313  194  155  127   79   89   21    9]
[   0    0  958 1454 1419 1283 1253 1203 1069  996  809  772  677  540
  394  353  265  225  161  107   98   82   54   12    0]
[   0    0  769 1403 1231 1071  945  856  764  693  577  563  400  313
  255  228  195  132  124  103   74   76   53    6    0]
[   0    0  616 1127  942  712  568  545  472  484  403  395  374  314
  260  217  211  181  148   95  105   87   40   12    0]
[  0   0 512 918 675 549 520 475 489 397 369 369 341 302 249 200 154 137
  93  77  54  55  44   6   0]
[  0   0 334 627 480 387 306 298 260 211 244 157 154 150 130  86 101  83
  46  46  23  24  13   2   2]
[ 0  0 11 11  7  8  4  1  4  2  3  0  0  3  0  0  0  0  0  0  0  0  0  0
  0]
