[ 29  37  50  33  61  85 105 123 154 198 218 228 278 301 270 232 192 171
 101  84  65  20  10   1   0]
[ 70  73  92  87  69 111 157 136 206 285 266 254 294 271 317 202 180 142
 108  73  25  17   7   0   0]
[ 62  77  61  86  51 126 172 197 261 294 323 323 348 329 310 219 202 116
  88  51  24   7   3   5   1]
[ 79  98  98 155 202 231 336 408 417 480 527 515 480 387 336 308 289 186
 135  80  48   8   0   0   0]
[101 124 199 267 311 462 566 661 665 737 815 706 741 648 469 403 320 266
 164  87  41  15   8   2   2]
[ 141  200  333  414  491  702  880 1070 1004 1016 1091 1069  876  789
  631  506  332  231  131   75   41    9    9    5    0]
[ 262  353  500  708 1031 1338 1677 1852 1803 1853 1691 1430 1053  892
  702  526  413  237  157   75   28   23   13    1    0]
[ 236  354  704  968 1349 1840 2402 2672 2460 2142 1983 1562 1125  776
  633  540  381  281  215  107   34   12    7    2    0]
[  25  237  970 1495 2145 2754 3238 3145 3018 2889 2410 1597 1108  909
  684  513  391  259  136   54   33   15    6    1    0]
[   7  293 1216 1969 2671 3675 4195 3857 3352 3030 2348 1661 1212  939
  724  550  336  187  141   72   23   15    4    0    0]
[   3  339 1486 2358 3037 3864 4267 3822 3301 2789 2123 1624 1298 1063
  864  652  414  255   94   46   23    7    1    0    0]
[   1  298 1358 2183 2986 3650 3818 3626 3163 2737 2865 2712 2443 2093
 1433  854  398  140   84   41   16    6    1    0    0]
[   0  140 1021 1545 2022 2459 2842 3121 3246 3262 3517 3515 3297 2531
 1517  579  269  127   62   20   17    3    2    1    0]
[   0   40 1509 2154 2842 3632 4001 3862 3485 3192 2734 2290 1746 1267
  657  220   95   63   29   12    5    9    5    1    0]
[   0    0 2653 4699 4878 4702 4226 3242 2005 1390  937  690  454  324
  164   67   47   38   24    5    1    3    0    3    0]
[   0    0 2043 4021 3230 2672 2247 1686  865  556  378  237  187  129
  104   72   36   27   18    5    4    4    0    0    0]
[   0    0 1335 2508 2091 1763 1564 1018  634  531  453  336  286  201
  113   71   32   24   15    4    0    2    3    0    0]
[   0    0 1201 2357 1943 1640 1536 1202  854  670  605  450  286  186
  119   44   24   12   10    1    0    0    0    0    0]
[   0    0  958 1852 1446 1143  983  771  514  382  223  169  104   60
   30    8    6    7    2    0    0    0    0    0    0]
[ 0  0 20 38 19 10  6  1  2  0  0  1  0  0  0  0  0  0  0  0  0  0  0  0
  0]
