[  0   6   9  21  24  49  54  64  82  81 113 100  98 119 155 171 236 245
 285 301 248 187 102  36   5]
[ 22  30  61  64  66  98 107 141 151 164 182 189 153 166 221 215 251 310
 305 319 247 175  83  34  12]
[110 182 236 251 273 247 287 270 279 240 217 248 242 241 234 261 268 305
 298 307 293 154  61  26   2]
[180 276 356 382 424 352 429 456 380 407 358 373 366 332 371 344 312 340
 292 252 212 163  61  21   7]
[317 491 590 498 519 540 501 469 441 390 455 430 370 390 411 436 367 338
 326 310 238 108  45  16   6]
[445 495 555 500 492 520 518 509 493 511 503 458 439 363 420 382 431 387
 320 283 229 142  57  31   4]
[682 782 739 658 629 599 611 605 577 588 536 504 536 511 494 435 367 400
 363 260 240 161  98  38  15]
[697 865 818 675 595 527 518 500 568 602 554 531 465 439 427 448 461 439
 371 323 206 141  74  47  16]
[ 56 290 672 661 618 566 560 556 518 539 490 460 424 380 389 390 367 362
 347 292 193 134  97  41  19]
[ 12 346 669 590 497 495 460 437 435 459 417 402 419 409 329 334 343 307
 256 218 182 105 117  45  11]
[ 10 329 688 674 628 551 525 478 439 435 403 383 412 421 382 339 309 293
 281 219 179 148 116  36  16]
[   1  394 1020 1080 1059  949  745  814  840  799  639  645  587  552
  528  514  457  438  386  279  218  188  137   56   17]
[   0  426 1685 1708 1489 1406 1181 1017  983  922  844  764  801  743
  741  729  582  500  433  295  234  237  195   87   13]
[   0   91 1316 1248 1119 1027  849  813  780  747  735  709  700  592
  521  467  437  400  290  240  224  233  196   84   19]
[   0    1  788 1065  867  764  688  685  670  553  521  486  490  428
  456  377  344  343  261  233  197  250  229   80   14]
[   0    0  583 1024  860  749  588  542  493  534  506  571  529  514
  486  442  464  371  337  292  224  270  249   68    8]
[   0    0  639 1201  900  815  856  757  745  792  830  840  772  800
  735  710  599  508  465  304  285  336  262   73    6]
[   0    0  867 1781 1616 1377 1378 1351 1251 1301 1217 1219 1157 1097
 1018  818  754  558  467  335  325  360  250   46    2]
[   0    0  570 1175  962  863  807  737  750  724  699  690  614  566
  564  494  411  346  261  164  165  206  160   34    2]
[ 0  0  7 17 13  3  8  4  1  6  4  3  6  1  2  3  0  4  0  0  0  0  0  0
  0]
