[ 10  21  38  70  89 145 189 280 367 453 518 563 647 669 743 708 757 729
 661 666 545 343  94  39   6]
[  35   51   73   86  117  191  284  420  481  613  770  952  955  996
 1006 1012  972  935  782  723  597  352  178   49   10]
[  59   83  128  176  334  458  621  781  999 1315 1435 1683 1792 1760
 1828 1787 1606 1361 1133  791  516  385  144   37   13]
[ 157  249  380  593  781 1035 1414 1769 2014 2248 2600 2850 2771 2684
 2627 2289 1988 1654 1292  934  566  254   85   29    3]
[ 304  490  792 1174 1418 1681 2230 2554 2803 3072 3249 3239 3193 2942
 2639 2316 2058 1764 1193  831  469  218   92   30    6]
[ 483  695 1068 1481 1806 2289 2672 3057 3448 3603 3730 3513 3055 2937
 2573 2201 2008 1526 1075  806  446  270   89   19    3]
[ 769 1068 1482 2013 2601 3084 3592 3646 3887 3877 3519 3253 2912 2610
 2354 1957 1655 1273 1074  810  426  185   76   24    5]
[ 809 1220 2062 2642 3136 3491 4161 4361 4136 3978 3313 3055 2713 2339
 2060 1791 1492 1296 1003  642  374  205   72   13    6]
[  76  908 2882 4031 4525 5222 5506 5320 4415 3727 3014 2802 2370 2143
 1761 1448 1270 1055  721  575  304  147   64   24    4]
[  20 1210 4440 5959 6396 6608 6636 5724 4454 3632 3048 2693 2328 2004
 1606 1445 1201  971  648  424  231   99   60   10    2]
[  18 1681 6140 8173 8364 8163 7803 6608 4891 4084 3346 2993 2401 2048
 1680 1335 1059  873  682  382  211  112   36   11    4]
[    1  1635  6854  9144  9605 10058 10086  8717  6653  5503  4668  4044
  3316  2759  1965  1537  1081   723   513   307   158    77    24    16
     9]
[    0  1254  8002 11646 13521 14267 14653 12682  9300  7188  5607  4467
  3344  2443  1703  1253   861   532   359   208   107    43    36    14
     4]
[    0   301 12399 18282 19200 19215 18042 14964  9854  6721  4569  3252
  2293  1611  1081   795   536   368   211   117    59    47    30     9
     1]
[    0     3 13134 22835 21781 20336 18754 15156  9245  6026  3927  2339
  1549  1106   752   542   417   271   169   118    73    49    42     9
     4]
[    0     0 10383 22451 20406 18658 17164 13009  7342  4621  3114  2088
  1522  1030   861   677   487   356   183   112    74    44    35    11
     3]
[    0     0  9605 20519 18642 16865 15065 11159  6070  4104  2940  2274
  1711  1322   956   735   526   335   175   104    59    45    25     9
     0]
[    0     0  8349 18332 17933 16941 15894 12301  7515  5452  3977  3027
  2141  1558  1046   695   359   210   113    68    31    24    27     4
     0]
[    0     0  6382 14236 13284 12204 11420  8893  5575  4046  2877  2090
  1325   920   607   365   201   122    68    29     8     2     6     5
     0]
[  0   0 110 147 119  62  65  26  15  14  12   1   0   3   0   0   0   0
   0   1   0   0   0   0   0]
