[  9   5   5  13  17  34  62  95 106 112 157 177 224 294 328 345 333 361
 368 399 320 231 106  10   0]
[  3  19  24  30  39  70  78 131 175 232 253 275 291 363 395 341 470 462
 463 426 335 227 106  14   1]
[ 17  32  53  64 118 142 200 207 275 376 390 449 505 532 511 487 613 550
 552 520 287 210  77  23   0]
[ 42  42  81  91 133 224 291 388 468 546 579 622 713 687 676 657 594 595
 584 448 302 169  77  22   2]
[ 85 118 173 231 256 311 473 526 631 758 814 837 846 753 864 825 819 751
 692 522 334 175  66  14   3]
[125 197 310 310 378 544 707 781 847 961 936 977 959 943 851 939 896 822
 712 499 331 179  66  23   1]
[ 171  249  319  415  495  644  810  837 1034 1120 1174 1218 1066 1136
 1092 1046 1086  824  626  480  277  155   59   12    5]
[ 205  329  533  605  737  799  907 1150 1155 1142 1239 1200 1264 1277
 1147  993  900  719  592  397  236  119   56    6    5]
[  20  221  540  701  851 1044 1151 1288 1341 1359 1338 1307 1172 1096
 1037  953  839  655  575  348  186  107   25   12    8]
[   6  237  699  888 1105 1355 1658 1846 1700 1702 1495 1491 1221 1089
 1119  998  929  712  468  359  187   75   26   14    9]
[   6  300  958 1255 1453 1786 1999 2292 2169 2125 1935 1877 1657 1453
 1296 1166  996  739  449  331  140   79   35   12    8]
[   0  331 1054 1413 1815 2176 2488 2624 2506 2474 2540 2480 2556 2242
 1830 1431 1008  680  434  238  122   65   30   18    4]
[   0  245 1243 1715 2069 2559 3041 3191 3301 3288 3268 3128 2709 2435
 2009 1295  792  530  300  181   99   63   47   17    3]
[   0   97 2159 3115 3651 4280 4746 4790 4061 3513 3148 2516 2145 1737
 1397  817  513  336  190  114   71   67   37   10    0]
[   0    2 3486 6119 6601 6777 6499 5607 3777 2698 2077 1603 1222  925
  691  468  308  221  161  111   63   60   44   19    3]
[   0    0 3789 7759 6990 6807 6222 4716 2756 1962 1463 1131  843  667
  556  451  329  228  173  126   59   60   37   13    1]
[   0    0 3414 6831 5890 5317 4723 3698 2389 1817 1512 1291 1037  785
  689  521  347  240  121   80   64   48   29    9    0]
[   0    0 3153 6424 5790 5547 4995 4154 2916 2359 1810 1360 1104  762
  587  327  245  142   98   61   45   34   13    4    0]
[   0    0 2555 5018 4486 4020 3915 2970 2152 1616 1312  987  758  511
  286  227  139   79   42   22   11   18    4    3    0]
[ 0  0 47 60 36 29 20 10  9  5  4  1  5  0  1  0  0  0  0  0  0  0  0  0
  0]
