[ 10  16  13  27  42  65 126 174 228 333 409 406 476 506 479 419 305 219
 195 121  76  61  13   0   0]
[ 37  38  47  37  74  95 147 206 248 317 415 480 530 601 522 441 359 267
 178 139 111  47  14   1   0]
[ 27  34  60  70  98 146 207 252 315 418 560 736 659 613 613 577 498 357
 244 151  92  45  13   1   0]
[  36   81  124  174  248  345  491  638  822  997 1019 1126 1021  844
  805  688  561  452  281  146   60   29   10    1    0]
[  99  124  233  360  555  704 1022 1325 1423 1627 1561 1581 1374 1172
 1150  826  631  436  355  185  111   35    5    0    0]
[ 257  370  647  878 1037 1431 1962 2209 2281 2570 2319 1875 1723 1420
 1152  825  549  497  297  154   74   23    7    1    0]
[ 380  534  898 1357 1643 2302 3048 3073 3357 3408 3199 2562 2092 1685
 1341  925  746  382  216  112   60   11    7    3    0]
[ 428  796 1414 2152 2940 3847 4991 5038 4882 4748 4232 3245 2183 1579
 1112  921  632  448  232  109   48   23    9    1    0]
[  20  420 1947 3265 4376 5794 7092 6675 5665 5430 4519 3323 2177 1464
 1093  947  683  338  174   94   23   13    6    3    0]
[   3  515 2828 4523 5663 7446 8382 7928 6800 5547 4156 2971 1875 1441
 1248 1021  583  299  146   56   37   15    9    1    0]
[   4  721 3611 5999 7626 8994 9822 8581 6431 5437 4245 3144 2237 1725
 1476  963  528  265  133   60   24    3    0    0    0]
[   0  613 3569 5651 7049 8415 9259 8269 6017 4952 4344 4116 4111 3543
 2258 1126  535  239   94   36   26    6    1    0    0]
[   0  273 2195 3613 5019 6151 7310 7172 5698 5917 5891 5783 5632 4459
 2899 1096  337  139   63   21   10    0    2    0    0]
[   0   49 2807 4809 6299 7936 9634 8890 6895 5882 5176 4554 3831 2727
 1315  359  191   53   29    9    4    1    0    0    0]
[    0     0  5221 10339 11243 11236 11116  8473  5158  3502  2190  1656
  1198   923   550   173    67    37    23     3     0     0     0     6
     0]
[    0     0  5281 10962 10189  9023  8056  5424  2646  1555   925   556
   452   246   192   110    51    37    11     3     2     0     0     0
     0]
[   0    0 3862 7672 6516 5426 4830 3160 1531 1125  829  635  524  375
  217  119   58   33   10    3    1    1    0    0    0]
[   0    0 2789 5609 5074 4546 4060 3000 1699 1338 1044  836  532  306
  138   76   25    9    1    0    0    0    0    0    0]
[   0    0 1781 3830 3410 3103 2900 1972 1087  770  545  337  166   71
   25   15    2    2    0    0    0    0    0    0    0]
[ 0  0 13 31 45 33 19  4  2  2  1  0  1  1  0  0  0  0  0  0  0  0  0  0
  0]
