[  7  10  15  13  24  47  48  64  69 102  87  88 124 101 152 190 202 235
 238 285 237 188  92  30  11]
[ 26  40  44  28  56  99 108 100 112 129 151 165 193 184 189 195 213 240
 287 249 218 179  74  22   6]
[120 162 232 184 200 218 226 237 264 295 343 301 286 296 312 267 311 340
 312 242 174 121  62  29   9]
[171 269 302 366 388 400 420 423 421 488 420 413 375 383 405 312 297 328
 292 260 219 110  63  31   8]
[239 380 410 402 457 476 532 577 571 527 495 416 378 351 305 306 386 306
 286 253 224 124  76  18   3]
[321 428 563 607 592 630 573 515 550 563 486 512 448 374 362 325 319 330
 333 274 178 100  69  27   7]
[607 736 727 757 741 708 622 588 541 597 500 411 368 336 286 335 299 274
 296 301 197 115  77  26  13]
[713 793 860 750 693 658 573 528 408 398 394 371 358 336 319 315 286 320
 270 281 223 139  70  25  14]
[ 49 399 831 811 731 598 509 441 459 357 357 342 283 278 256 261 288 282
 252 260 218 145  76  46  11]
[  3 244 629 570 503 447 386 376 409 339 285 307 273 272 239 252 268 263
 221 183 165 130  85  47  14]
[  9 252 609 584 563 548 546 550 426 429 394 351 288 348 320 316 304 275
 257 199 163 130  90  38  12]
[  0 304 807 908 792 814 738 625 585 544 492 440 415 411 372 381 362 373
 330 230 178 161 144  79  10]
[   0  311 1322 1402 1098  983  834  734  688  626  605  575  476  493
  502  485  459  394  321  264  195  169  149   81   12]
[  0  75 996 971 782 610 557 524 477 424 441 414 399 415 407 363 342 321
 227 220 153 202 186  85  18]
[  0   0 593 762 597 486 424 433 385 390 370 397 344 360 326 283 288 247
 233 145 145 205 190  86  17]
[  0   0 431 746 622 467 456 423 466 429 398 427 428 414 405 343 331 283
 227 181 183 225 203  52  10]
[  0   0 452 790 677 608 558 515 539 574 597 613 617 606 559 523 457 385
 303 253 200 262 224  57   1]
[   0    0  621 1269 1088 1026  926  938  907  956  887  890  823  794
  682  602  488  448  361  264  190  221  240   54    5]
[   0    0  501 1008  851  757  722  703  677  669  661  581  503  470
  474  397  352  259  214  138  127  184  143   37    1]
[ 0  0 10 11  2  4  4  5  0  2  7  1  1  4  1  0  0  1  0  0  0  0  0  0
  0]
