[ 19  29  35  38  41  53  69 101 120 182 193 205 228 281 291 278 268 357
 294 294 261 201 100   7   1]
[ 54  86  86  96 103 106 116 126 165 209 291 319 352 315 312 335 335 349
 324 265 235 154  95  31   4]
[ 56  82  97  87 106 148 215 242 240 345 419 417 452 455 393 456 456 439
 431 322 253 134  79   8   1]
[ 76 125 119 154 211 209 289 348 399 521 598 671 613 634 576 558 501 503
 448 354 273 196  91  15   0]
[116 141 180 213 240 329 382 523 603 797 799 809 758 749 707 617 602 532
 449 343 208 184  65  21   4]
[146 202 249 273 291 426 457 611 775 870 884 827 807 785 762 714 573 614
 521 421 225 161  77  18   4]
[193 248 298 340 431 579 656 752 892 961 889 937 896 901 891 817 712 619
 543 385 302 181  83   9   0]
[ 199  292  464  573  676  877 1030 1120 1204 1200 1193 1155 1073 1066
  972  897  691  663  491  470  329  176   80   11    0]
[  19  192  536  693  927 1057 1238 1327 1538 1719 1632 1439 1284 1137
 1049 1012  895  769  643  440  292  159   60   17    0]
[   6  264  779  958 1065 1324 1528 1591 1836 1706 1700 1619 1393 1336
 1219 1086  879  769  608  409  271  126   44    3    1]
[   8  292  942 1114 1486 1689 1850 2075 2131 2228 2185 2098 1880 1815
 1749 1503 1216  856  538  429  245  102   22    2    2]
[   2  326 1077 1451 1800 2070 2329 2416 2599 2742 2882 3089 3207 3168
 2711 2035 1348  889  529  283  130   55   13    1    0]
[   0  259 1166 1594 1799 2223 2627 2912 3222 3449 3651 3737 3592 3443
 2729 1886 1282  668  330  127   65   23    6    4    0]
[   0   98 1803 2447 2842 3323 3598 3615 3608 3361 3027 2827 2502 2174
 1629 1006  533  357  164   81   48   27   10    0    0]
[   0    0 2606 4412 4426 4352 4174 3464 2605 2158 1752 1460 1141  827
  597  370  235  149   78   31   29    8    4    1    0]
[   0    0 2454 4680 4127 3573 3294 2361 1616 1151  791  654  456  340
  225  176  127   91   48   34   18   10    4    0    0]
[   0    0 1782 3277 2792 2194 1825 1349  871  696  566  482  467  319
  238  200  114   73   60   19   14    4    2    0    0]
[   0    0 1545 2815 2290 1821 1533 1251  862  694  595  499  338  318
  206  138  110   65   46    8    6    2    0    0    0]
[   0    0 1046 1861 1540 1177  924  648  481  380  334  248  147  101
   79   51   43   11   12    3    0    1    0    0    0]
[ 0  0 15 27 16 10  9  3  7  3  0  0  2  1  0  0  0  0  0  0  0  0  0  0
  0]
