[ 0 13 14 22 20 21 11 12 11 19 24 30 46 48 41 45 49 51 51 43 27 26  8  8
  0]
[20 27 15  6  9 19 25 32 31 30 27 29 40 34 35 42 35 30 42 40 15 16 11  3
  0]
[20 27 14  9 16 17 21 35 48 62 69 64 72 55 77 68 49 46 47 52 45 21  5  4
  1]
[ 18  22  18  31  37  48  35  55  72  90 107 112  77  71  72  63  42  21
  43  39  26  30   9   2   0]
[ 28  34  43  47  70  65  64 105  94  96  97  75  88  86  58  47  41  46
  51  40  23  25  15   5   0]
[ 38  46  62  55  54  59 101  91  86 110  95  90  75  68  76  52  57  51
  69  51  56  55  18   2   0]
[ 44  55  70  78  87  95 111 118 108  90  82  70  62  71  72  87 101  67
  65  51  48  26  15   3   2]
[ 36  46  65  83  88 106 111 130 143 101 109  99 117 109 106  66  98  92
  83  63  21  19   9   2   0]
[  2  32  82  99 111 117 143 165 158 181 157 131 131 121 144 124 138  95
  70  60  31  22   7   0   0]
[  0  18  64 101 125 129 160 121 141 178 157 118 114 154 155 118  90  72
  52  40  24  13   7   0   0]
[  0  37  88 150 163 179 171 152 149 153 176 169 162 113  97 101  87  74
  55  31  13   9   0   1   0]
[  0  56 159 189 185 216 173 201 205 213 215 197 243 167 133  91  69  52
  32  18  17   7   4   0   0]
[  0  41 183 190 241 274 285 258 252 261 209 196 172 113 118  97  67  68
  27  18   4   8   6   0   0]
[  0  12 237 308 318 331 327 259 233 208 173 144 102  91  93  95  54  49
  23  13  15   3   2   0   0]
[  0   0 243 356 321 301 265 256 194 168 163 113  75  77  59  29  54  33
  30  35   5   5   3   3   0]
[  0   0 172 302 291 268 173 189 139 133  92 118  72  49  35  39  46  32
  28  12   5   9   3   1   0]
[  0   0 148 324 269 227 193 204 150 137 105  71  63  70  68  52  44  41
  20   9   4   1   1   0   0]
[  0   0 158 312 289 279 232 213 170 143 126 109  64  49  42  30  20  18
  14   9   3   3   0   0   0]
[  0   0 176 271 237 196 202 118  71  79  62  50  23  22  11   6   8   5
   3   1   0   0   0   0   0]
[0 0 1 5 3 2 1 0 0 0 0 0 0 0 0 0 0 0 0 0 0 0 0 0 0]
