[  4   4   4  10   2   6  10  18  30  28  44  29  45  50  54  69  63  99
 114 118 106  56  24   9   0]
[ 10   8  21  26  24  24  35  47  26  47  60  56  86  79  84  95  97 120
  96 125 111  85  23   5   1]
[ 17  17  30  45  40  67  64  83 109 119 114  96 129 104 110 110 131 124
 134 130 114  81  21   4   1]
[ 30  50  67  79  59 107 121 167 170 172 172 190 216 175 185 167 130 153
 182 174 113  95  46  11   0]
[ 39  72  94 130 141 165 150 167 217 190 203 224 198 215 222 178 142 173
 190 166 124 100  47  21   2]
[ 75 131 200 226 232 242 256 309 275 254 277 236 225 205 147 158 191 177
 184 153 100  89  45   9   2]
[246 282 296 303 295 293 287 352 371 343 321 298 281 247 179 179 212 214
 198 179  97  75  42  12   3]
[220 295 301 292 304 281 246 280 265 256 202 197 164 182 203 200 253 215
 188 168 112  77  30  13   6]
[ 21 142 320 313 298 296 294 245 246 266 291 294 271 299 286 251 204 177
 186 131 133  75  60  14   8]
[  6 106 243 233 259 342 334 309 246 298 308 344 322 336 309 256 230 195
 171 131 109  61  31  13   3]
[  4 154 391 347 365 375 452 433 448 457 478 453 428 400 340 300 228 225
 211 141 114  61  34  14   2]
[  0 179 545 601 637 621 527 558 610 586 608 623 483 431 355 319 279 217
 213 132 105  69  35  18   1]
[  0 188 647 746 667 651 742 752 810 779 721 646 555 492 331 283 239 179
 154 109  99  71  46  24   5]
[  0  43 839 815 778 754 822 766 748 643 527 424 370 302 214 196 139 159
 134  87  89  97  58  26   2]
[  0   0 652 890 775 703 574 573 488 453 389 303 267 220 161 194 160 145
 115 111  80  69  62  16   2]
[  0   0 463 744 621 513 482 454 380 367 330 347 280 274 232 219 210 162
 147 110  77  55  48  17   0]
[  0   0 388 664 573 531 518 455 472 470 430 446 406 382 363 316 246 222
 157 115  98  96  58  10   1]
[  0   0 440 810 621 587 522 525 455 491 483 461 382 352 330 263 226 181
 141 123  81  76  43  14   2]
[  0   0 303 597 572 482 402 381 368 375 307 240 281 237 184 169 115 112
  66  63  41  32  31  12   0]
[ 0  0  7  5 10  7  6  6  1  1  2  1  0  0  2  2  2  0  1  1  0  0  0  0
  0]
