[ 37  45  66  64 133 184 222 286 290 281 246 209 193 133 111  79  48  21
   8   7   2   0   0   0   0]
[ 76 107 131 134 171 262 307 372 352 367 310 245 218 178 108  77  41  33
  12   1   2   0   0   0   0]
[193 257 302 362 472 655 734 731 651 651 604 497 429 282 200 126  68  24
  18  11   5   1   0   0   0]
[ 651  812 1182 1557 1886 2307 2425 1930 1421 1275 1103  890  683  482
  280  176   82   49   30    4    0    0    0    0    0]
[1540 1992 2758 3673 4367 5332 5624 4192 2692 2221 1913 1353  849  540
  328  251  110   35   15    3    0    0    0    0    0]
[2687 3581 4796 6008 7237 8317 7845 5686 3470 2572 1865 1295  778  443
  307  181   51   35    9    5    1    0    0    0    0]
[3903 5007 6440 7567 8424 8602 8173 5444 3098 2147 1416  912  522  247
  127   81   45   15    4    2    0    0    0    0    0]
[3046 4079 6245 7743 8654 8116 6517 3859 2080 1358  779  448  259  139
   87   38   15   12    2    0    0    0    0    0    0]
[  92 1186 5149 7050 6769 5996 4507 2610 1236  650  372  220  167   84
   76   39    9   10    3    0    0    0    0    0    0]
[  12 1037 4562 5679 4593 3730 2678 1433  563  283  166  130  106   55
   17   10    4    1    0    0    0    0    0    0    0]
[   7  752 2941 3497 2900 2371 1681  967  511  287  184  172   58   14
    6   10    4    2    0    0    0    0    0    0    0]
[   0  430 2028 2855 2474 2170 1887 1243  601  351  162  108   54   31
   15    6    5    2    0    0    0    0    0    0    0]
[   0  110  982 1579 1693 1630 1501  901  405  236  141   91   39    2
    1    4    0    0    0    0    0    0    0    0    0]
[   0   13  638 1008  944  795  644  407  198  142   56   16   10    5
    3    1    0    0    0    0    0    0    0    0    0]
[  0   0 280 411 323 312 201  92  15   8   6   4   2   0   1   0   0   0
   0   0   0   0   0   0   0]
[  0   0  70 144 102  95  87  42  10   0   0   0   0   0   0   0   0   0
   0   0   0   0   0   0   0]
[ 0  0  8 39 28 13 13  8  7  0  0  0  0  0  0  0  0  0  0  0  0  0  0  0
  0]
[0 0 6 7 6 2 0 1 0 0 0 0 0 0 0 0 0 0 0 0 0 0 0 0 0]
[0 0 0 0 0 0 0 0 0 0 0 0 0 0 0 0 0 0 0 0 0 0 0 0 0]
[0 0 0 0 0 0 0 0 0 0 0 0 0 0 0 0 0 0 0 0 0 0 0 0 0]
