[  6  14  21  36  74  96 126 211 253 337 410 393 429 349 316 221 179  77
  51  23  23   1   0   0   0]
[ 19  35  45  57  72 157 225 251 441 437 483 496 508 471 381 266 166 109
  85  32  14   2   0   0   0]
[ 52  63  98 133 174 272 409 499 637 738 809 878 858 687 550 439 301 230
 109  51  13   2   1   0   0]
[ 179  240  339  523  722  952 1259 1338 1517 1711 1764 1695 1552 1165
  871  634  383  289  136   65   18    6    3    0    0]
[ 563  729 1229 1754 2250 2826 3370 3438 3399 3436 3146 2600 2144 1489
  961  711  520  290  120   91   26    3    3    0    0]
[1111 1590 2476 3294 4131 4987 5700 5327 4262 3646 3162 2353 1823 1236
  848  521  351  206   90   38   16    2    1    0    0]
[2117 2970 4209 5347 6302 7411 7820 6439 4604 3580 2682 2136 1309  879
  614  325  234  128   50   24   13    1    0    0    0]
[ 2167  3233  6065  8032  9550 10805 10352  7224  4400  3073  2145  1654
  1128   762   483   292   182    94    19     8     3     1     0     0
     0]
[  110  1994  7792 11302 11760 11794 10199  6779  3832  2677  1733  1205
   758   484   338   209   117    68    23    10     2     1     0     0
     0]
[   26  2481 10157 13371 13046 12244 10087  6225  3237  2202  1336   772
   593   363   282   219   110    64    44    20     3     0     0     0
     0]
[   36  3072 11443 14280 13181 12002 10011  6465  3239  2267  1502  1074
   696   481   289   161    99    69    40     3     3     0     0     0
     0]
[    2  2371 10575 13663 13666 13389 11920  8036  4332  3177  2151  1553
   915   530   314   129   120    73    22     1     0     0     0     0
     0]
[    0  1193  9579 14358 15749 15814 14773 10624  5427  3464  2283  1472
   921   477   184    86    36    25     1     1     0     0     0     0
     0]
[    0   244 11752 18038 18188 16971 14569  9711  4192  2259  1242   610
   294   129    54    17     6    11     2     0     0     0     0     0
     0]
[    0     0  9235 15593 12875 11037  9533  5631  2021   906   462   242
    94    56    21     8     2     1     0     0     0     0     0     0
     0]
[   0    0 3967 8250 6911 6149 5062 2883  911  420  203  101   47   18
   10    7    2    1    1    0    0    0    0    0    0]
[   0    0 1965 4115 3538 2927 2698 1495  450  220  110   75   50   29
   13    9    6    0    0    0    0    0    0    0    0]
[   0    0  932 1957 1708 1635 1506  958  348  268  158  129   69   32
   19    6    6    2    0    0    0    0    0    0    0]
[  0   0 353 816 715 670 575 336 129  64  45  40  19  11   1   0   0   0
   0   0   0   0   0   0   0]
[0 0 2 4 2 0 0 1 0 0 1 0 0 0 0 0 0 0 0 0 0 0 0 0 0]
