[259 431 526 431 436 408 334 219 103  38  15   2   1   0   0   0   0   0
   0   0   0   0   0   0   0]
[308 508 580 483 496 492 452 372 264 125  43  20   3   0   0   0   0   0
   0   0   0   0   0   0   0]
[404 682 799 737 781 888 882 800 625 397 195  72  21  12   2   1   0   1
   0   0   0   0   0   0   0]
[ 781 1341 1672 1611 1774 1916 2182 1993 1421  917  403  152   43    8
    0    0    0    0    0    0    0    0    0    0    0]
[1638 2744 3508 3723 4333 4568 4370 3474 2544 1460  638  227   72   18
    5    0    1    2    0    0    0    0    0    0    0]
[2549 4196 5418 5739 6064 6207 5476 4199 2649 1346  648  260   55   14
    8    3    1    1    0    0    0    0    0    0    0]
[4220 6397 7979 7865 7882 7482 6026 3899 2199 1283  505  157   34    8
    4    3    2    0    0    0    0    0    0    0    0]
[ 4837  7976 10529 10830 10723  9444  6307  3521  1765   919   398   176
    41    10     5     3     0     0     0     0     0     0     0     0
     0]
[ 3269  7458 12894 13200 11505  9330  5735  3110  1415   638   273    75
    41    13     7     2     1     0     0     0     0     0     0     0
     0]
[ 3698  8264 14737 14512 12134  9000  5379  2516  1062   398   155    62
    31    14     9     4     0     0     0     0     0     0     0     0
     0]
[ 3753  9136 15544 14861 12144  8907  5415  2783  1357   706   322   132
    60    32    15     6     1     0     0     0     0     0     0     0
     0]
[ 2854  7416 14255 14767 13480 11418  8102  4719  2839  1699   902   424
   172    70    19     6     1     0     0     0     0     0     0     0
     0]
[ 1447  4419 13049 16623 17162 15761 11572  6665  3727  2109  1318   590
   229    72    14     3     0     0     0     0     0     0     0     0
     0]
[ 1175  3008 14953 19485 19048 16588 11707  6117  2783  1272   531   197
    62    12     4     1     0     0     0     0     0     0     0     0
     0]
[ 1038  1944 10915 15529 12682 10910  7669  3412  1222   412   216    60
    18     3     0     0     0     0     0     0     0     0     0     0
     0]
[ 569  851 4760 8156 6918 6042 4036 1689  486  181   41   18    5    0
    0    0    0    0    0    0    0    0    0    0    0]
[ 307  488 2321 4075 3455 2849 2104  936  261  110   71   46   16    5
    5    0    0    0    0    0    0    0    0    0    0]
[ 158  272 1131 1930 1647 1516 1280  699  310  196   93   63   30    7
    6    3    0    0    0    0    0    0    0    0    0]
[ 87 119 461 794 647 607 464 230  91  48  40  10   4   0   0   0   0   0
   0   0   0   0   0   0   0]
[0 0 3 2 0 0 0 0 0 0 0 0 0 0 0 0 0 0 0 0 0 0 0 0 0]
