[289 412 465 431 444 440 386 314 196 119  54  37  18  12   3   4   2   0
   0   0   0   0   0   0   0]
[301 544 494 510 543 496 492 449 349 234 116  48  36  28   9   5   2   1
   0   0   0   0   0   0   0]
[350 671 701 661 671 674 664 656 576 362 243 145  76  32  19   5   3   2
   0   0   0   0   0   0   0]
[392 734 752 745 796 975 941 977 810 574 337 191  88  30  14   2   6   2
   0   0   0   0   0   0   0]
[ 570  983  944  942 1171 1198 1324 1155 1087  755  401  186   87   50
   21   14    4    1    0    0    0    0    0    0    0]
[ 604 1068 1091 1150 1364 1601 1574 1516 1220  894  600  346  152   58
   27   18    5    3    0    0    0    0    0    0    0]
[ 685 1270 1355 1328 1484 1694 1768 1715 1486 1120  652  415  168   58
   33   13    4    2    0    0    0    0    0    0    0]
[ 766 1446 1619 1656 1743 1932 2032 1795 1365 1055  649  327  142   62
   41   13    7    2    1    0    0    0    0    0    0]
[ 605 1293 1603 1694 1900 2068 2126 2000 1586 1100  616  303  160   83
   49   10    8    6    0    0    0    0    0    0    0]
[ 589 1410 1807 1926 2248 2694 2705 2323 1712 1247  779  443  256  132
   71   38   17    3    0    0    0    0    0    0    0]
[ 648 1531 2019 2263 2726 3022 3112 3023 2479 1734 1273  757  514  238
  132   46   16    2    1    0    0    0    0    0    0]
[ 565 1351 2051 2307 2712 3174 3457 3587 3338 2998 2467 1710 1073  575
  243   72   11    3    0    0    0    0    0    0    0]
[ 465 1230 2066 2477 2948 3631 4162 4265 4054 3783 3143 2193 1402  769
  197   50   14    3    0    0    0    0    0    0    0]
[ 584 1417 3370 4089 4777 5669 5709 4948 4015 3047 2178 1517  855  395
  123   29    6    0    0    0    0    0    0    0    0]
[ 891 1899 5394 7247 7591 7417 6301 4490 2877 1782 1098  656  321  119
   45   19    6    1    0    0    0    0    0    0    0]
[1071 1932 5607 8306 7636 7212 5450 3311 1862 1198  697  417  249  102
   64   20    9    3    0    0    0    0    0    0    0]
[1123 1772 4912 6895 6061 5305 4120 2795 1979 1407  995  606  394  187
   93   28   13    1    0    0    0    0    0    0    0]
[ 878 1534 4472 6575 5995 5643 4722 3548 2575 1783 1174  651  344  176
   60   21    6    3    0    0    0    0    0    0    0]
[ 649 1038 3423 5126 4590 4076 3702 2615 1937 1296  744  379  190   71
   21    6    1    0    0    0    0    0    0    0    0]
[10 14 45 53 25 22  7  5  1  0  0  0  0  0  0  0  0  0  0  0  0  0  0  0
  0]
