[43 74 68 82 78 59 46 42 22 23  5  7  5  2  0  1  0  0  0  0  0  0  0  0
  0]
[40 60 63 57 53 61 68 42 47 15 18 13  3  3  1  0  0  0  0  0  0  0  0  0
  0]
[ 63  74  68  85  73  98  99 111  71  57  40  27   8   4   1   1   0   0
   0   0   0   0   0   0   0]
[ 56 113  98 110  97 122 110 105  95  61  46  20   9   6   5   0   0   0
   0   0   0   0   0   0   0]
[ 67 117 125 120 125 115 138 122 109  72  46  27  21  11   6   2   1   0
   0   0   0   0   0   0   0]
[ 82 134 120 115 119 157 141 155 114  96  71  46  24  10   4   4   0   0
   0   0   0   0   0   0   0]
[ 94 157 131 140 156 177 163 160 118 101  60  32  21  13   4   5   2   1
   0   0   0   0   0   0   0]
[ 89 141 169 174 216 217 202 196 126 104  74  43  17   8   7   5   1   0
   0   0   0   0   0   0   0]
[ 79 163 181 207 249 253 267 247 193 141  87  60  30  13   3   7   4   1
   0   0   0   0   0   0   0]
[ 74 156 228 225 231 239 265 227 140 112  67  47  18  13   6   1   0   0
   0   0   0   0   0   0   0]
[100 184 206 221 266 218 191 199 187 154 119  67  31  23   7   5   4   0
   1   0   0   0   0   0   0]
[ 69 174 250 243 295 302 268 274 262 204 180 116  53  26  11   1   0   0
   0   0   0   0   0   0   0]
[ 41 122 262 274 332 373 383 322 286 221 177 100  68  42   5   2   1   1
   0   0   0   0   0   0   0]
[ 54 129 306 368 433 444 371 246 178 148 111  80  67  43  10   3   1   0
   0   0   0   0   0   0   0]
[ 62 178 358 392 339 345 339 223 179 100  57  43  29  20   9   3   0   0
   0   0   0   0   0   0   0]
[ 82 157 297 369 282 265 193 116 101  85  52  36  20   6  15   3   6   0
   0   0   0   0   0   0   0]
[ 64 119 263 341 304 236 186 143 115  90  64  39  39  21  14   6   2   0
   0   0   0   0   0   0   0]
[ 49  88 244 342 294 289 249 202 147 116  84  46  27  15   3   4   0   0
   0   0   0   0   0   0   0]
[ 27  66 207 263 241 211 160 102  71  54  29  15   5   5   2   1   0   0
   0   0   0   0   0   0   0]
[2 3 1 4 2 0 0 0 0 0 0 0 0 0 0 0 0 0 0 0 0 0 0 0 0]
