[242 437 432 410 427 398 331 297 212 127  64  36  22   5   2   3   0   0
   0   0   0   0   0   0   0]
[297 501 491 498 441 523 435 393 300 189 122  62  33  19   7   4   1   0
   0   0   0   0   0   0   0]
[330 590 569 566 578 612 669 565 499 375 211  99  56  31  17   2   3   1
   1   0   0   0   0   0   0]
[380 724 730 674 757 834 923 827 727 520 298 196  85  52  16   6   2   0
   0   0   0   0   0   0   0]
[ 447  738  818  777  904 1104 1264 1234  949  705  397  211  100   53
   30   11    4    1    0    0    0    0    0    0    0]
[ 497  879  976  906 1019 1198 1319 1323 1135  817  502  265  108   47
   28   12    6    0    0    0    0    0    0    0    0]
[ 550  971 1075 1056 1278 1432 1541 1536 1251  948  568  335  161   76
   45   16    5    0    3    1    0    0    0    0    0]
[ 611 1196 1339 1359 1546 1829 1955 1904 1555 1199  727  455  233  106
   52   21   10    2    1    0    0    0    0    0    0]
[ 503 1277 1512 1538 1828 2196 2459 2459 2022 1433  924  535  293  162
   67   24   14    4    2    0    0    0    0    0    0]
[ 537 1440 1809 1828 2129 2458 2516 2563 2111 1637 1096  676  372  240
  119   52   21    5    1    0    0    0    0    0    0]
[ 575 1568 2100 2126 2535 2976 2993 3229 2908 2342 1718 1112  693  404
  157   66   27    7    4    0    0    0    0    0    0]
[ 564 1500 2187 2349 2778 3107 3589 3772 3957 3780 3328 2546 1527  813
  289  106   23   11    0    0    0    0    0    0    0]
[ 455 1308 1984 2243 2606 3273 3865 4389 4526 4521 4079 3136 2174 1122
  359   82   11    0    0    0    0    0    0    0    0]
[ 517 1387 2767 3106 3833 4338 4446 4319 3911 3239 2532 1858 1203  641
  167   38    8    3    1    0    0    0    0    0    0]
[ 754 1670 4003 5006 4958 4619 4027 3041 2128 1432  884  578  331  149
   51   11    1    0    0    0    0    0    0    0    0]
[ 841 1715 3782 4715 4039 3396 2591 1593  910  542  303  162   88   38
   21    7    2    0    0    0    0    0    0    0    0]
[ 721 1192 2614 3109 2487 1864 1418  860  638  452  313  197  110   49
   26   12    1    1    0    0    0    0    0    0    0]
[ 444  856 2215 2711 2046 1610 1315  966  746  528  353  244  131   70
   14    4    1    0    0    0    0    0    0    0    0]
[ 312  522 1343 1774 1399 1001  759  532  320  232  141   73   40    6
    0    0    0    0    0    0    0    0    0    0    0]
[ 5 12 16 20 12  6  4  1  0  0  1  0  0  0  0  0  0  0  0  0  0  0  0  0
  0]
