[194 317 319 259 287 284 245 184 128  88  68  29  12   9   8   4   0   0
   0   0   0   0   0   0   0]
[276 389 381 343 340 348 311 247 207 134  83  67  33  14   4   1   2   0
   0   0   0   0   0   0   0]
[536 696 590 459 440 408 365 346 277 186 125  87  41  20  12   5   0   0
   0   0   0   0   0   0   0]
[744 874 738 663 584 539 470 411 340 263 188  97  50  24  16   0   0   0
   0   0   0   0   0   0   0]
[ 930 1176  950  762  714  664  570  440  338  250  155  107   47   31
   10    5    5    2    0    0    0    0    0    0    0]
[1081 1181  984  828  752  683  625  522  390  270  175  110   57   37
   22    9    2    0    0    0    0    0    0    0    0]
[1434 1555 1196  923  831  706  627  566  450  340  211  136   69   46
   21    5    5    2    3    0    0    0    0    0    0]
[1408 1674 1208  963  812  698  590  497  368  289  206  157   97   57
   31   16    9    1    0    0    0    0    0    0    0]
[ 877 1245 1021  861  782  643  541  517  372  281  166  156  103   49
   39   19    9    2    2    0    0    0    0    0    0]
[ 643 1026 1027  770  693  644  492  467  359  256  235  130   93   72
   59   23   10    9    0    0    0    0    0    0    0]
[ 540 1074 1005  861  739  666  558  504  447  371  319  225  167  121
   73   36   20    4    3    0    0    0    0    0    0]
[ 488 1218 1535 1412 1245 1214 1086 1023  885  735  570  426  299  197
  138   70   43    6    1    0    0    0    0    0    0]
[ 479 1425 2333 2143 1920 1710 1534 1386 1127 1051  790  571  385  244
  177   71   12    5    3    0    0    0    0    0    0]
[ 371  961 1767 1601 1476 1286 1117 1053  951  770  722  454  330  179
   92   29   10    5    1    1    0    0    0    0    0]
[ 402  773 1220 1301 1111  971  954  853  729  576  419  302  198  113
   77   40   18    8    3    1    0    0    0    0    0]
[ 398  734 1150 1254 1085  931  809  756  707  630  510  356  228  166
   96   57   13    7    2    0    0    0    0    0    0]
[ 471  864 1256 1457 1194 1123 1135 1120 1119 1068  856  657  480  281
  153   75   23    4    2    3    0    0    0    0    0]
[ 436  935 1596 2116 1995 1923 2002 1937 1899 1730 1298  835  523  302
  143   70   15   11    4    0    0    0    0    0    0]
[ 223  540 1058 1408 1231 1126 1198 1115 1088  940  693  451  228  107
   64   29   20    8    2    1    0    0    0    0    0]
[ 9  9 13 13  7  3  5  4  2  4  0  1  1  0  0  0  0  0  0  0  0  0  0  0
  0]
