[ 90 177 107 109  95  98  75  68  50  41  19  13   7   4   1   1   0   0
   0   0   0   0   0   0   0]
[106 179 171 174 170 163 139 107  66  48  35  28  10   4   7   3   2   0
   0   0   0   0   0   0   0]
[219 330 284 274 254 221 184 209 154 117  82  46  27  11   2   2   0   0
   0   0   0   0   0   0   0]
[381 456 426 337 322 323 245 258 226 132  98  55  36  16   5   0   0   0
   0   0   0   0   0   0   0]
[393 492 405 362 333 284 311 291 279 163  87  56  21  12   3   3   3   0
   0   0   0   0   0   0   0]
[439 599 463 435 413 364 302 270 234 168 118  91  44  30  13   8   0   1
   0   0   0   0   0   0   0]
[443 617 524 480 461 408 366 350 242 187 156  83  50  26  22   7   7   4
   0   0   0   0   0   0   0]
[549 812 677 586 498 468 415 360 323 218 166 106  73  54  11  13   7   1
   1   0   0   0   0   0   0]
[372 634 641 515 474 430 344 379 301 248 208 137  96  66  27  17  12   3
   1   0   0   0   0   0   0]
[346 636 546 417 411 421 447 455 436 345 260 212 133 101  48  32  10   6
   1   0   0   0   0   0   0]
[278 652 697 638 600 583 632 677 584 547 432 382 267 136  89  43  18   3
   1   0   0   0   0   0   0]
[ 303  819  996 1000 1002  996 1066 1137 1091 1071  948  677  510  321
  165   81   27    5    0    0    0    0    0    0    0]
[ 232  731 1038 1105 1162 1384 1466 1566 1489 1323 1011  729  555  327
  141   61   19    4    2    0    0    0    0    0    0]
[ 262  722 1346 1356 1406 1680 1679 1589 1431 1283  924  695  426  300
  125   53   14    3    0    0    0    0    0    0    0]
[ 397  786 1508 1753 1763 1582 1490 1258  929  745  496  432  248  130
   68   28    5    3    0    0    0    0    0    0    0]
[ 363  716 1314 1608 1388 1143 1015  814  645  439  304  209  144   49
   32   22    9    2    3    1    0    0    0    0    0]
[ 292  581 1053 1201  976  814  646  520  460  378  307  222  166   87
   44   21   10    5    2    0    0    0    0    0    0]
[189 406 817 998 821 629 632 535 481 390 317 208 110  67  37  10  12   6
   1   0   0   0   0   0   0]
[182 254 555 654 503 407 345 333 231 168 123  89  58  24  15   7   3   2
   3   0   0   0   0   0   0]
[ 4  6 11  4  3  7  1  1  2  0  0  0  0  0  0  0  0  0  0  0  0  0  0  0
  0]
