[192 285 276 282 289 281 229 184 111  66  45  29  16   7   2   1   0   0
   0   0   0   0   0   0   0]
[248 369 356 321 330 318 252 216 166 119  82  42  25   9  11   4   0   0
   1   0   0   0   0   0   0]
[530 704 586 498 461 431 355 309 284 197 164  89  43  12   6   1   1   0
   0   0   0   0   0   0   0]
[749 908 813 665 612 549 527 501 354 246 158 103  35  23   6   3   1   0
   0   0   0   0   0   0   0]
[ 820 1072  915  765  725  676  590  502  335  241  163   81   42   16
   14    7    3    1    0    0    0    0    0    0    0]
[1049 1325 1077  847  804  679  578  402  331  207  127   91   54   32
   15    7    6    1    0    0    0    0    0    0    0]
[1430 1517 1168  947  752  638  543  434  298  231  119  102   60   24
   22    4    2    1    1    0    0    0    0    0    0]
[1445 1569 1178  816  689  518  439  336  237  169  135  120   52   39
   18    9    6    1    1    0    0    0    0    0    0]
[ 854 1235 1157  839  663  530  414  356  234  185  125  109   81   49
   34   24   13    4    1    0    0    0    0    0    0]
[653 903 854 661 558 461 401 302 276 218 166 122  95  71  40  24  19   8
   4   0   0   0   0   0   0]
[541 983 973 828 720 655 543 427 356 311 246 207 146 103  53  36  12   8
   0   0   0   0   0   0   0]
[ 453 1009 1198 1118 1061  925  875  753  634  489  389  323  224  159
  104   58   19    4    0    0    0    0    0    0    0]
[ 455 1150 1797 1686 1354 1228 1073  906  780  671  521  333  239  143
   99   41   12    4    2    0    0    0    0    0    0]
[ 352  793 1313 1211  953  792  794  696  547  471  386  266  193  101
   54   36    7    6    1    0    0    0    0    0    0]
[299 581 995 911 732 616 632 509 463 438 331 282 141 101  53  25   6   7
   0   0   0   0   0   0   0]
[305 633 847 926 828 636 608 577 551 499 362 267 173 132  72  34  15   2
   2   0   0   0   0   0   0]
[ 331  656  902 1039  865  894  812  806  810  795  610  467  306  200
  107   58   23    7    3    0    0    0    0    0    0]
[ 321  642 1164 1539 1382 1376 1428 1471 1334 1163  911  579  385  229
   87   60   24    9    2    0    0    0    0    0    0]
[ 185  390  911 1199 1068 1054 1017  982  965  830  618  384  256  123
   75   28   18    5    2    0    0    0    0    0    0]
[ 5  9  7 13  3  4  3  3  2  1  0  0  0  0  0  0  0  0  0  0  0  0  0  0
  0]
