[241 373 380 371 352 313 246 156  88  43  12   8   4   1   1   0   0   0
   0   0   0   0   0   0   0]
[299 354 419 364 372 363 301 228 148  84  39  17   3   0   0   0   1   0
   0   0   0   0   0   0   0]
[270 434 423 363 384 390 352 311 218 133  49  23   4   3   1   0   1   0
   0   0   0   0   0   0   0]
[313 561 574 570 635 623 680 567 432 238 120  47  13   7   1   2   1   0
   0   0   0   0   0   0   0]
[ 369  586  769  788  886 1000 1063 1082  844  528  260   83   31   13
    2    0    1    0    0    0    0    0    0    0    0]
[ 411  801  995 1095 1121 1502 1678 1399 1265  714  348  130   48   17
    5    3    1    0    0    0    0    0    0    0    0]
[ 591 1064 1336 1602 2052 2389 2697 2423 1943 1149  508  209   72   22
    4    2    2    0    0    0    0    0    0    0    0]
[ 622 1174 1726 1970 2528 3202 3523 3024 2208 1253  550  205   69   28
   10    2    4    0    0    0    0    0    0    0    0]
[ 596 1293 2247 2667 3380 4149 4231 3608 2542 1443  660  231   83   42
   17    7    3    1    0    0    0    0    0    0    0]
[ 683 1487 2608 3208 4265 5046 4944 4206 2700 1399  593  225   79   45
   12    0    3    4    1    0    0    0    0    0    0]
[ 567 1491 2800 3536 4417 5277 4859 3867 2658 1648  904  444  216  112
   39   14    1    0    0    0    0    0    0    0    0]
[ 463 1144 2337 3101 3968 4583 4578 4210 3776 3047 2300 1428  824  373
   90   18    6    1    0    0    0    0    0    0    0]
[ 291  778 1663 2103 2778 3284 3723 4098 4159 3955 3343 2333 1377  534
  116   22    4    0    0    0    0    0    0    0    0]
[ 325  793 2272 2849 3605 4372 4509 3997 3377 2817 2016 1310  734  278
   45    8    2    2    0    0    0    0    0    0    0]
[ 591 1186 3804 5096 5088 4640 3693 2375 1393  853  476  246  112   53
   20    2    0    0    0    0    0    0    0    0    0]
[ 557  985 2897 3895 2936 2291 1755  983  519  300  160  100   51   23
   15    8    2    0    0    0    0    0    0    0    0]
[ 475  742 1797 2306 1756 1496 1097  771  517  366  233  149  106   42
   15    9    7    0    0    0    0    0    0    0    0]
[ 339  483 1549 2188 1823 1551 1310 1057  765  589  429  243  115   42
   11    2    0    0    0    0    0    0    0    0    0]
[ 196  338 1142 1699 1292 1081  884  590  427  277  152   60   25    9
    2    1    0    0    0    0    0    0    0    0    0]
[ 3  6 25 30 13  5  2  2  1  0  0  0  0  0  0  0  0  0  0  0  0  0  0  0
  0]
