[309 600 645 577 584 527 418 307 122  57  14   2   5   4   1   1   0   1
   0   0   0   0   0   0   0]
[353 678 631 565 555 512 490 400 264 158  52  18  11   5   1   0   1   0
   0   0   0   0   0   0   0]
[374 654 767 651 670 697 672 583 504 291 150  69  26   6   3   1   1   0
   0   0   0   0   0   0   0]
[ 420  821 1044  965 1107 1270 1358 1269  993  585  302  111   42   11
    5    1    0    0    0    0    0    0    0    0    0]
[ 550 1113 1455 1497 1792 2093 2275 1959 1535  984  529  205   63   24
    9    4    0    0    0    0    0    0    0    0    0]
[ 766 1463 1952 2220 2619 3358 3568 3199 2382 1221  622  229   74   35
    5    5    2    0    0    0    0    0    0    0    0]
[ 952 1835 2483 2917 3580 4482 4682 4552 3586 2073  889  293   86   25
    9    7    3    0    0    0    0    0    0    0    0]
[1180 2227 3241 4040 5437 6434 7226 6441 4662 2527  979  262  106   30
   11    8    2    1    0    0    0    0    0    0    0]
[ 921 2335 4142 5511 6970 8670 8828 7181 5115 2907 1114  307   87   32
   14   10    5    2    3    0    0    0    0    0    0]
[ 1123  2831  5325  6919  8573 10131  9755  7837  4968  2694  1114   362
   108    54    24     6     4     3     0     0     0     1     0     0
     0]
[ 1141  3045  6458  8496 10319 11623 10581  7779  5183  2984  1524   731
   309   127    37    17     4     2     0     0     0     0     0     0
     0]
[  943  2497  5613  7530  9054 10420  9813  7758  6026  5116  3655  2456
  1360   539   126    23     6     4     0     0     0     0     0     0
     0]
[ 571 1436 3520 4924 6520 7863 8397 7711 7186 6880 5720 4240 2607 1027
  165   13    2    0    0    0    0    0    0    0    0]
[  585  1373  4285  6154  8188 10045 10370  8309  6721  5298  4052  3022
  1564   541   113    14     0     0     0     0     0     0     0     0
     0]
[ 1092  2111  7513 11480 12294 12036  9899  6291  3632  2271  1320   860
   456   183    10     1     0     0     0     0     0     0     0     0
     0]
[ 1216  1982  6909 11071 10162  8923  6751  3491  1626   693   394   183
    76    51    16     4     0     0     0     0     0     0     0     0
     0]
[1067 1471 4845 7294 6002 5174 3816 2057 1168  790  488  285  147   55
   26    6    0    0    0    0    0    0    0    0    0]
[ 700 1003 3459 5343 4779 4194 3600 2354 1560 1094  742  427  208  104
   19    4    0    0    0    0    0    1    0    0    0]
[ 457  601 2265 3651 3187 2762 2489 1629  927  569  306  134   36    9
    2    0    0    0    0    0    0    0    0    0    0]
[12 20 26 31 14  7  7  1  1  0  1  0  0  0  0  0  0  0  0  0  0  0  0  0
  0]
