[170 295 351 341 358 339 257 168  74  26   5   0   0   0   0   0   0   0
   0   0   0   0   0   0   0]
[273 423 440 374 402 349 308 309 162  74  36  14   0   0   0   0   0   0
   0   0   0   0   0   0   0]
[515 765 887 790 872 799 668 541 382 227 104  37  10   1   0   0   0   0
   0   0   0   0   0   0   0]
[1380 2023 2422 2319 2381 2449 1918 1296  840  466  219   75   17    4
    1    1    0    0    0    0    0    0    0    0    0]
[2873 4295 5168 5288 5374 5109 3894 2488 1651  884  371  101   15    4
    0    0    0    0    0    0    0    0    0    0    0]
[4420 6491 7740 7774 8333 7611 5420 3088 1868  921  317  108   17    1
    0    0    2    0    0    0    0    0    0    0    0]
[5741 8005 9116 9141 8545 7747 5306 2791 1487  733  304   70    4    3
    0    0    0    0    0    0    0    0    0    0    0]
[4893 7185 9111 8709 7812 5956 3697 1800  823  391  110   32    2    0
    0    0    0    0    0    0    0    0    0    0    0]
[1755 4075 7300 7197 5861 4146 2152  915  392  164   62   22    9    3
    0    0    0    0    0    0    0    0    0    0    0]
[1277 3163 5871 5167 3746 2342 1143  434  170   82   19    6    4    1
    0    0    0    0    0    0    0    0    0    0    0]
[ 902 2143 3689 3161 2196 1489  841  374  204  157   76   15    1    0
    0    0    0    0    0    0    0    0    0    0    0]
[ 532 1421 2738 2829 2187 1856 1259  581  253  127   68   14    6    2
    0    0    0    0    0    0    0    0    0    0    0]
[ 141  378 1292 1757 1760 1608 1168  608  254  124   52   18    5    0
    0    0    0    0    0    0    0    0    0    0    0]
[  48  107  748 1088  973  773  539  288  178   74   18    5    0    0
    0    0    0    0    0    0    0    0    0    0    0]
[ 35  79 335 414 298 231 121  35  10   9   2   0   0   0   0   0   0   0
   0   0   0   0   0   0   0]
[  8  16  83 149  99  85  60  24   3   0   0   0   0   0   0   0   0   0
   0   0   0   0   0   0   0]
[ 7  6 17 29 23 11 13  1  0  0  0  0  0  0  0  0  0  0  0  0  0  0  0  0
  0]
[2 1 3 4 4 1 0 0 0 0 0 0 0 0 0 0 0 0 0 0 0 0 0 0 0]
[0 0 0 0 0 0 0 0 0 0 0 0 0 0 0 0 0 0 0 0 0 0 0 0 0]
[0 0 0 0 0 0 0 0 0 0 0 0 0 0 0 0 0 0 0 0 0 0 0 0 0]
