[ 595  944 1072  959 1076 1043  917  655  440  237  164   80   50   29
   14   10    6    3    0    0    0    0    0    0    0]
[ 655 1213 1203 1179 1201 1235 1270 1136  941  662  368  204   89   57
   23   17    4    0    0    0    0    0    0    0    0]
[ 852 1609 1893 1677 2001 2200 2205 2309 1912 1431  831  417  194   95
   47   23   11    4    0    0    0    0    0    0    0]
[1349 2340 2675 2772 3126 3492 4020 3896 3214 2084 1176  569  252  101
   35   14    8    1    0    0    0    0    0    0    0]
[1756 2994 3363 3665 4168 4659 4979 4606 3591 2174 1219  576  270  123
   56   25   13    4    1    0    0    0    0    0    0]
[1892 3338 3980 4264 4695 5493 5437 4852 3654 2426 1285  591  255  112
   64   22    6    1    0    1    0    0    0    0    0]
[2246 3793 4458 5102 5496 6203 5877 4810 3390 1974 1106  531  263  131
   62   28   19    3    4    0    0    0    0    0    0]
[2544 4347 5367 5460 5957 6297 5780 4459 3205 1847 1035  543  289  172
   86   38   20    5    2    0    0    0    0    0    0]
[2265 4627 6469 6912 7134 7145 6208 4224 2561 1378  872  521  294  168
  104   48   25   15    0    0    0    0    0    0    0]
[2624 5555 8524 8955 8691 7728 6014 4054 2494 1441  880  534  308  192
  104   65   22    6    3    0    0    0    0    0    0]
[ 2918  6153 10174 10702 10245  8888  6875  4630  3012  1953  1325   853
   524   336   173    85    40    10     0     0     0     0     0     0
     0]
[ 2487  5720 10206 11359 11784 11621  9816  7354  5471  3938  2650  1664
   948   522   244    83    19     6     1     0     0     0     0     0
     0]
[ 1645  4605 11306 14382 16517 17095 15038 10889  7658  5154  3147  1968
  1133   515   189    89    18     4     0     0     0     0     0     0
     0]
[ 1708  4108 16113 20717 21927 21396 17726 11927  7332  4099  2256  1251
   620   221   108    39    11     0     1     0     0     0     0     0
     0]
[ 2070  4035 16562 24180 23328 21776 18388 11666  6617  3502  1530   735
   353   162    70    30    11     5     0     0     0     0     0     0
     0]
[ 2089  3380 13727 23119 21209 19692 16399  9935  5260  2953  1480   692
   438   214   110    40    11     0     0     0     0     0     0     0
     0]
[ 1918  2986 12408 20951 18985 17563 14140  8630  4749  2940  1916  1114
   595   286   159    46    16     2     0     0     0     0     0     0
     0]
[ 1483  2517 10953 19055 18541 17951 15525 10748  6605  4306  2689  1564
   835   336   112    29     5     3     1     0     0     0     0     0
     0]
[  978  1758  8141 14536 13710 12694 11352  8088  5034  3148  1814   900
   391   150    56     8     2     0     0     0     0     0     0     0
     0]
[ 28  36 137 137  95  49  25   9   5   6   2   0   0   1   0   0   0   0
   0   0   0   0   0   0   0]
