[ 68 117  98  97 108  83  79  91  72  29  20  13   6   7   2   2   0   0
   0   0   0   0   0   0   0]
[ 94 146 148 167 123 125 114 116  73  52  33  16   6   6   5   0   0   0
   0   0   0   0   0   0   0]
[138 232 202 173 180 209 178 134  89  73  75  40  21  13   5   0   1   0
   0   0   0   0   0   0   0]
[229 317 276 269 269 232 292 220 197 156  92  48  31  15   5   2   0   0
   0   0   0   0   0   0   0]
[242 389 395 303 323 351 335 268 207 135  76  54  31  13   6   5   2   0
   0   0   0   0   0   0   0]
[361 537 525 416 386 340 323 245 223 181 107  63  36  17  10   2   3   0
   0   0   0   0   0   0   0]
[561 696 604 496 466 431 416 336 257 183 101  89  40  23  11   6   1   1
   1   0   0   0   0   0   0]
[504 671 532 456 380 344 285 296 208 171 114  91  56  28  25  11   5   2
   0   0   0   0   0   0   0]
[383 630 594 533 431 420 343 253 226 181 147  98  93  53  31  22   5   2
   1   0   0   0   0   0   0]
[362 538 543 429 503 419 390 328 303 259 192 162  96  60  26  14  12   3
   0   0   0   0   0   0   0]
[314 697 724 615 598 582 589 506 477 383 265 208 132  88  43  34  13   2
   0   0   0   0   0   0   0]
[378 846 873 843 806 776 734 705 672 488 398 310 195 114  67  26  12   6
   0   0   0   0   0   0   0]
[ 284  718 1005 1020  942  987 1007 1049  873  658  430  292  175   96
   47   26    7    2    0    0    0    0    0    0    0]
[ 286  667 1133 1060  999  992  962  794  553  435  299  167  115   64
   35   12   14    3    3    0    0    0    0    0    0]
[ 323  689 1032  998  838  726  571  492  355  263  193  130   81   49
   29   16    8    2    0    0    0    0    0    0    0]
[278 600 910 876 720 569 448 412 323 253 211 168 100  68  21  19   7   2
   2   0   0   0   0   0   0]
[279 534 783 787 706 656 620 580 455 444 379 268 179 122  70  23  15   8
   1   0   0   0   0   0   0]
[188 482 886 956 761 716 655 622 566 465 328 250 161  85  52  26   8   6
   3   0   0   0   0   0   0]
[140 320 571 706 663 582 503 479 389 284 192 122  68  41  33  12   7   2
   0   0   0   0   0   0   0]
[ 4  9 10  7  9  4  1  2  0  1  1  2  0  0  0  0  0  0  0  0  0  0  0  0
  0]
